$SPEC_ID:
No sample description was entered.
$SPEC_REM:
DET# 1
DETDESC# FSGUNIV-O93LS3D Easy-MCA-8k SN 17088661
AP# Maestro Version 7.01
$DATE_MEA:
03/11/2024 09:03:04
$MEAS_TIM:
59 63
$DATA:
0 2047
       0
       0
       0
       0
       0
       0
       0
       0
       0
       0
       0
       0
       0
       0
       0
       0
       0
       0
       0
       0
       0
       0
       0
       0
       0
       0
       0
       0
       0
       0
       0
       0
       0
       0
       0
       0
       0
       0
       0
       0
      14
      13
      22
      13
      19
      16
      19
      19
      17
      20
      18
      18
      20
       8
      12
      22
      22
      18
      17
      20
      12
      14
      20
      20
      18
      22
      25
      11
      10
      15
      17
      16
      21
      17
      15
      23
      23
      19
      11
      14
      19
      16
      14
      28
      15
      21
      20
      21
      20
      15
       9
      12
      21
      27
      21
      25
      18
      17
      21
      23
      12
      17
      17
      27
      21
      23
      17
      21
      18
      23
      19
      21
      20
      21
      32
      24
      29
      17
      30
      23
      30
      25
      21
      24
      20
      17
      22
      21
      18
      10
      23
      30
      25
      19
      23
      26
      27
      21
      17
      19
      20
      15
      11
      19
      20
      26
      22
      19
      14
      28
      19
      14
      20
      28
      18
      18
      16
      20
      29
      20
      33
      23
      21
      12
      24
      15
      18
      19
      22
      24
      27
      30
      24
      20
      24
      22
      23
      22
      24
      24
      24
      19
      17
      23
      27
      35
      29
      33
      29
      30
      30
      41
      33
      24
      37
      38
      38
      39
      30
      38
      32
      46
      44
      52
      52
      54
      48
      43
      48
      51
      58
      43
      43
      48
      40
      33
      50
      52
      37
      28
      37
      45
      39
      40
      39
      40
      41
      32
      28
      35
      32
      32
      32
      31
      31
      24
      39
      25
      33
      32
      24
      30
      29
      26
      26
      19
      27
      28
      22
      25
      22
      28
      26
      17
      21
      25
      18
      26
      26
      18
      18
      23
      16
      22
      17
      22
      20
      27
      22
      18
      15
      21
      26
      21
      21
      13
      23
      26
      14
      18
      27
      15
      15
      18
      16
      23
      25
      24
      21
      25
      25
      22
      21
      21
      19
      16
      16
      21
      20
      14
      26
      26
      20
      11
      20
      18
      19
      20
      12
      30
      23
      14
      11
      14
      17
      25
      16
      23
      18
      22
      27
      15
      26
      22
      11
      23
      19
      28
      19
      12
      17
      22
      27
      20
      32
      21
      26
      19
      17
      21
      21
      25
      21
      27
      18
      28
      13
      12
      28
      23
      26
      15
      17
      16
      24
      26
      15
      28
      22
      16
      19
      22
      16
      18
      29
      21
      18
      24
      15
      22
      13
      23
      13
      15
      26
      17
      24
      27
      23
      28
      19
      23
      20
      27
      23
      21
      21
      25
      25
      25
      21
      26
      25
      26
      28
      18
      17
      29
      22
      21
      14
      20
      20
      21
      24
      18
      18
      24
      21
      22
      24
      34
      24
      22
      14
      12
      16
      16
      20
      11
      16
      14
      28
      14
      24
      24
      31
      24
      24
      26
      30
      20
      28
      21
      18
      20
      33
      22
      21
      22
      27
      29
      26
      27
      24
      27
      19
      25
      28
      23
      27
      25
      22
      33
      26
      34
      39
      21
      34
      24
      23
      33
      29
      29
      25
      42
      37
      22
      23
      35
      36
      27
      26
      33
      24
      28
      23
      26
      30
      14
      27
      30
      30
      19
      24
      21
      27
      17
      22
      23
      32
      21
      27
      36
      26
      22
      29
      30
      33
      29
      21
      33
      29
      26
      24
      32
      22
      23
      24
      27
      23
      24
      30
      31
      18
      31
      29
      30
      23
      29
      30
      37
      27
      29
      43
      23
      26
      30
      31
      22
      30
      22
      28
      25
      32
      21
      28
      25
      25
      27
      16
      29
      20
      25
      20
      21
      29
      20
      27
      21
      21
      25
      32
      28
      29
      29
      27
      35
      23
      21
      18
      22
      26
      24
      25
      19
      29
      23
      25
      26
      27
      24
      28
      19
      15
      32
      30
      20
      24
      35
      25
      23
      22
      17
      22
      23
      27
      21
      30
      39
      25
      26
      27
      28
      24
      26
      29
      18
      23
      38
      20
      19
      20
      22
      20
      31
      22
      33
      18
      28
      27
      22
      15
      20
      29
      32
      24
      22
      27
      18
      27
      16
      16
      30
      23
      29
      31
      33
      19
      19
      25
      34
      26
      23
      21
      24
      25
      22
      22
      24
      27
      17
      31
      24
      27
      22
      24
      18
      26
      24
      23
      17
      22
      29
      27
      31
      20
      30
      27
      25
      29
      26
      28
      17
      31
      19
      19
      25
      16
      20
      32
      27
      18
      33
      30
      31
      21
      21
      29
      23
      24
      20
      24
      18
      19
      27
      28
      23
      26
      27
      24
      30
      36
      30
      26
      23
      21
      22
      23
      23
      25
      24
      25
      25
      30
      24
      27
      30
      26
      26
      31
      22
      24
      11
      19
      25
      28
      29
      16
      21
      30
      36
      23
      25
      31
      17
      13
      30
      33
      16
      23
      20
      15
      20
      17
      26
      23
      24
      21
      28
      17
      21
      24
      22
      19
      21
      34
      25
      26
      26
      22
      24
      33
      23
      26
      25
      25
      23
      24
      25
      23
      23
      24
      27
      27
      29
      28
      24
      21
      35
      29
      21
      16
      27
      27
      24
      28
      26
      24
      23
      22
      26
      31
      21
      19
      23
      20
      24
      22
      22
      20
      16
      27
      20
      23
      23
      23
      27
      24
      22
      22
      24
      24
      26
      24
      36
      21
      22
      29
      17
      19
      17
      17
      18
      31
      23
      29
      19
      24
      19
      24
      30
      32
      17
      25
      19
      27
      17
      23
      27
      28
      16
      24
      23
      15
      26
      22
      23
      22
      24
      19
      15
      18
      31
      18
      16
      16
      24
      18
      23
      19
      25
      21
      15
      20
      22
      26
      15
      13
      25
      19
      28
      23
      14
      19
      16
      19
      15
      21
      22
      26
      10
      17
      16
      15
      19
      15
      17
       9
      13
      22
      21
      14
      19
      11
      18
      16
       9
      18
      17
      16
      16
      20
      16
      15
      12
       8
      11
      18
      19
      16
      16
      17
      12
      12
      18
       7
      14
      15
      12
      18
      13
      21
      10
      11
       9
      14
      23
      12
       9
      10
      14
      11
       8
       7
      12
      14
      12
      15
      22
      12
      11
       8
       9
      12
      13
      16
      13
      14
      12
       5
      15
      11
      12
      11
      16
      17
      11
      19
      15
      16
      13
      13
      15
      14
      12
      13
      12
      13
      21
      16
      12
      12
      13
      15
      13
       6
      17
      13
      10
      10
       8
      10
      19
      13
      14
      15
      18
      13
      14
      11
      16
      14
      14
      11
      14
      10
      12
      12
      12
      12
      13
      15
      11
      19
       8
      10
      12
       7
      12
      19
       8
      11
       7
      16
      15
       8
      10
      11
      20
      14
      10
       7
      14
      13
       8
       6
      11
      15
      12
      12
       7
      12
      12
      13
      10
      14
      11
       9
      11
      17
      13
       7
       9
      11
      12
      15
      17
      12
      13
       9
      13
      11
      14
       8
      12
       9
      21
       5
       7
       9
      12
      10
      11
       8
      12
      17
       6
       5
      10
      15
      15
      13
       8
       9
      15
      10
      13
      12
      13
      16
      15
       8
       9
      15
      10
      10
      13
       9
      10
      15
       7
       7
      12
      10
      11
      13
       8
       9
      10
      11
       9
       7
      11
      11
       8
       6
      17
      10
       5
      13
      10
       9
       9
      10
      11
       7
      16
      13
      11
       8
      10
      10
       6
      10
      12
       5
       8
       7
      14
      10
      12
      13
      13
      17
      12
      10
      14
      12
      13
      13
       9
      11
       9
       7
      11
      10
      18
      16
      10
      12
      10
      11
       9
      16
       8
      13
      16
      13
      11
      12
       7
      18
      14
      11
      11
      16
       9
       8
      15
      13
      18
      17
      13
      19
      11
      12
      18
      14
      17
      22
      19
      23
      14
      22
      13
      26
      23
      23
      13
      21
      17
      18
      16
      23
      22
      26
      28
      27
      21
      25
      30
      23
      35
      34
      33
      29
      34
      36
      34
      41
      40
      34
      35
      41
      38
      45
      42
      38
      61
      57
      43
      45
      48
      50
      63
      57
      63
      60
      52
      63
      57
      73
      79
      73
      67
      60
      74
      72
      69
      68
      73
      79
      76
      72
      77
      95
      76
     108
      92
      84
      92
      87
      92
      82
      97
     106
      76
      96
     104
     113
     104
      96
     113
     117
     108
     115
     103
     104
     100
     116
     118
     139
     115
     114
     122
     106
     128
     131
     132
      99
     133
     113
     121
     133
     115
     122
     118
     124
     136
     127
     131
     126
     120
     115
     133
     145
     113
     133
     138
     124
      95
     121
     111
     105
     119
     105
      92
     107
     106
     109
     117
     102
      90
      94
     104
      96
      89
     108
      81
      94
      88
      89
      94
     100
      88
      88
      84
     102
      89
      82
      84
      88
      76
      72
      68
      70
      60
      65
      68
      61
      67
      78
      62
      55
      54
      58
      49
      54
      57
      43
      49
      58
      35
      43
      42
      42
      42
      28
      29
      36
      29
      35
      21
      35
      34
      23
      33
      33
      28
      27
      18
      17
      24
      20
      22
      18
      19
      21
      14
      14
      17
      14
      15
      16
      12
      10
      10
      15
      10
      10
      13
      10
      13
      12
       4
      11
      16
       4
       3
      11
       7
      11
      12
       9
      10
       5
      11
       9
      13
      10
       8
       6
       9
       4
       4
       5
       7
       5
       6
       7
       8
       2
       2
       7
       6
       5
       3
       3
       9
       6
       3
       6
       2
       5
       7
       7
       3
       3
       3
       8
       4
      11
       2
       6
       5
       2
       8
       4
       4
       4
       5
       5
       7
       3
       7
       5
       7
       9
       5
       7
       3
       5
       5
       5
       7
       2
       5
       6
       4
       3
       6
       7
       2
       6
       5
       4
       5
      10
       2
       6
       4
       6
       2
       3
       5
       1
       3
       2
       3
       7
       4
       6
       4
       6
       6
       8
       6
       9
       2
       3
       6
       4
       4
       3
       5
       4
       7
       1
       5
       6
       4
       4
       7
       5
       6
       5
       2
       5
       6
       8
       7
       2
       3
       3
       7
       9
      10
       4
       1
       9
       6
       6
       6
       3
       4
       5
       5
       5
       5
       7
       3
       6
       7
       3
       5
       3
       3
       5
       3
       6
      12
       9
       5
       7
       5
       9
       6
       3
       5
       4
       6
       6
       7
       7
       0
       6
       9
       6
       6
       6
       5
       7
       9
       4
       5
       8
       8
       4
       3
       2
       5
       4
       3
       8
       4
       5
       9
       3
       8
       6
       3
       3
      10
       6
       9
       3
       7
       5
       4
      11
       3
       9
      13
       1
       2
       4
       3
       6
       6
       7
       4
       0
       3
       5
       4
       3
       5
       5
       9
       6
       2
       4
      10
       3
       4
       4
       2
       8
       3
       4
       7
       4
       9
       9
       4
       6
       6
       4
       8
       1
       6
       4
       5
       4
       6
       5
       5
       3
       6
       5
       4
       4
       5
       5
       0
       9
       5
       4
       4
       4
       7
       1
       4
       8
       3
       5
       3
       9
       6
       8
       6
       6
       6
       4
       3
       3
       5
       6
       8
      10
       3
       2
       5
       3
       6
       8
       8
       6
       6
       4
       7
       7
       2
       5
       5
       6
       4
       5
       5
      11
       2
       9
       5
       8
       3
       7
       4
       6
       8
       6
       5
       5
       6
       5
       3
       7
       2
       4
       3
       7
       3
       4
       4
       4
       5
       2
       6
       6
       3
       2
       3
       6
       5
       6
       2
       6
       4
       5
       4
       7
       5
       7
       5
       5
       5
       3
       7
       3
       7
       6
       2
       8
       2
       7
       3
       6
       1
       3
       4
       5
       6
       7
       3
       4
       2
       2
       6
       5
      10
       9
       4
       5
       5
       9
       4
       1
       6
       3
       4
       3
       7
       4
       2
       9
       3
       2
       7
       5
       5
       3
       4
       4
       3
       4
       3
       7
       5
       5
       7
       7
       5
       4
       0
       4
       8
       7
       5
       5
       5
       5
       2
       2
       2
       7
       3
       3
       4
       8
       1
       7
       4
       2
       4
       5
       4
       6
       4
       2
       4
       6
       7
       9
       4
       5
       5
       2
       2
       3
       4
       3
       4
       8
       4
       0
       5
       8
       5
      10
       4
       5
       6
       0
       5
       3
       4
       2
       2
       6
       7
       2
       5
       4
       7
       3
       8
       6
      11
      12
       1
       3
       3
       6
       3
       2
       3
       7
       4
       2
       6
       4
       3
       1
       3
       3
       5
       3
       8
       3
       5
       5
       4
       4
       6
       7
       8
       6
       4
       7
       3
      10
       3
       7
       4
       7
      13
       3
       1
       4
       6
       4
       4
       4
       7
       4
       8
       4
       4
       3
       5
       5
       3
       3
       3
       6
       4
       4
       2
       5
       6
      13
       4
       5
       2
       8
       8
       8
       4
       3
       7
       6
       5
       3
       8
       3
       5
       7
       6
       4
       2
       3
       3
       8
       9
       7
       5
       7
       8
       6
       6
       2
       7
       3
       3
       4
      12
       3
       7
       9
       9
       6
      14
       5
       3
       5
       5
       2
       7
       4
       3
       5
       3
       3
       3
       8
       6
       2
       6
       5
       2
       5
       8
       2
       4
       5
       4
       2
      10
       8
       4
       5
      10
       5
       6
       3
       4
       5
       7
       3
       4
       5
       6
       4
       3
       8
       5
       3
       3
       2
       7
      11
       3
       6
       6
       7
       6
       0
       0
       0
       0
       0
       0
       0
       0
       0
       0
       0
       0
       0
       0
       0
       0
       0
       0
       0
       0
       0
       0
       0
       0
       0
       0
       0
       0
       0
       0
       0
       0
$ROI:
2
1189 1365
1529 1730
$PRESETS:
None
0
0
$ENER_FIT:
-30.157717 0.423749
$MCA_CAL:
3
-3.015772E+001 4.237491E-001 0.000000E+000 keV
$SHAPE_CAL:
3
3.413484E+001 3.737118E-002 0.000000E+000
