$SPEC_ID:
No sample description was entered.
$SPEC_REM:
DET# 1
DETDESC# FSGUNIV-O93LS3D Easy-MCA-8k SN 17088661
AP# Maestro Version 7.01
$DATE_MEA:
03/11/2024 09:21:32
$MEAS_TIM:
276 347
$DATA:
0 2047
       0
       0
       0
       0
       0
       0
       0
       0
       0
       0
       0
       0
       0
       0
       0
       0
       0
       0
       0
       0
       0
       0
       0
       0
       0
       0
       0
       0
       0
       0
       0
       0
       0
       0
       0
       0
       0
       0
       0
       0
     126
     182
     175
     184
     188
     169
     197
     190
     182
     184
     184
     193
     189
     193
     190
     197
     177
     173
     177
     191
     182
     179
     179
     188
     195
     162
     222
     183
     198
     171
     192
     183
     201
     205
     175
     204
     186
     207
     193
     206
     180
     177
     195
     186
     197
     183
     207
     225
     204
     188
     204
     183
     184
     167
     185
     198
     188
     202
     215
     226
     201
     194
     183
     181
     196
     218
     187
     184
     223
     199
     200
     210
     202
     247
     216
     228
     212
     192
     207
     196
     187
     200
     196
     194
     192
     215
     206
     200
     203
     206
     218
     229
     212
     228
     200
     203
     210
     201
     212
     233
     224
     201
     202
     195
     241
     199
     193
     192
     195
     188
     211
     215
     215
     194
     191
     188
     226
     199
     227
     195
     183
     201
     221
     204
     215
     217
     207
     207
     212
     201
     206
     198
     229
     231
     226
     221
     224
     221
     233
     237
     195
     217
     194
     198
     217
     225
     219
     236
     231
     229
     222
     219
     232
     254
     217
     216
     243
     199
     247
     220
     202
     203
     257
     230
     250
     224
     243
     223
     259
     220
     254
     266
     225
     206
     222
     238
     228
     240
     257
     235
     207
     222
     214
     235
     236
     217
     206
     199
     251
     237
     230
     217
     235
     221
     220
     229
     217
     209
     197
     230
     223
     257
     224
     219
     230
     228
     189
     222
     238
     217
     221
     221
     240
     226
     225
     196
     218
     215
     225
     211
     215
     202
     191
     198
     213
     201
     221
     209
     255
     232
     207
     225
     203
     233
     203
     244
     219
     222
     238
     195
     234
     236
     245
     238
     198
     221
     213
     219
     203
     226
     218
     218
     203
     219
     234
     232
     235
     219
     218
     235
     242
     244
     214
     240
     227
     226
     244
     220
     220
     181
     212
     216
     206
     227
     227
     249
     219
     220
     252
     225
     230
     222
     217
     247
     220
     215
     220
     217
     199
     224
     228
     246
     217
     236
     233
     243
     225
     247
     209
     218
     218
     222
     221
     216
     222
     222
     208
     211
     225
     228
     225
     205
     222
     225
     247
     225
     226
     215
     240
     238
     212
     228
     226
     242
     236
     195
     251
     233
     251
     270
     241
     226
     228
     231
     253
     239
     228
     246
     214
     245
     237
     224
     233
     211
     230
     249
     223
     231
     228
     226
     221
     227
     239
     237
     226
     230
     225
     235
     226
     239
     241
     197
     221
     234
     251
     214
     222
     271
     241
     220
     218
     251
     219
     232
     237
     219
     223
     205
     240
     224
     230
     248
     216
     217
     223
     232
     247
     258
     225
     227
     257
     253
     223
     253
     251
     251
     227
     260
     259
     210
     252
     242
     240
     232
     232
     241
     267
     259
     233
     259
     232
     254
     224
     247
     232
     267
     225
     234
     244
     240
     275
     262
     250
     252
     276
     255
     233
     231
     269
     246
     285
     255
     263
     243
     244
     262
     246
     241
     277
     273
     274
     254
     270
     258
     245
     269
     297
     300
     253
     296
     289
     278
     286
     285
     318
     272
     304
     291
     274
     251
     270
     278
     278
     292
     264
     265
     282
     267
     281
     279
     295
     279
     280
     290
     271
     237
     252
     285
     262
     275
     300
     309
     273
     268
     266
     302
     268
     252
     276
     278
     248
     326
     265
     275
     270
     268
     290
     282
     279
     275
     276
     255
     257
     294
     299
     267
     269
     293
     279
     277
     268
     289
     272
     238
     274
     282
     282
     296
     275
     260
     254
     259
     259
     277
     284
     276
     247
     254
     283
     264
     267
     288
     244
     251
     222
     276
     273
     252
     277
     286
     280
     279
     246
     253
     260
     272
     243
     259
     245
     288
     273
     294
     252
     265
     232
     266
     242
     250
     267
     286
     279
     261
     229
     224
     265
     284
     247
     228
     251
     266
     251
     279
     276
     266
     242
     233
     246
     210
     266
     246
     267
     228
     265
     248
     217
     247
     263
     231
     278
     240
     247
     253
     269
     259
     227
     256
     238
     264
     253
     253
     248
     233
     252
     264
     210
     242
     256
     261
     259
     248
     282
     229
     248
     240
     265
     250
     237
     257
     258
     243
     269
     258
     255
     276
     251
     281
     234
     258
     251
     261
     258
     264
     238
     264
     254
     252
     258
     260
     224
     222
     254
     214
     227
     264
     253
     244
     278
     247
     250
     267
     295
     224
     249
     236
     237
     262
     258
     226
     242
     248
     245
     287
     256
     263
     253
     242
     234
     240
     240
     246
     233
     246
     265
     244
     252
     238
     245
     244
     234
     271
     247
     262
     256
     241
     247
     234
     232
     257
     245
     217
     252
     278
     271
     239
     244
     242
     237
     235
     254
     252
     235
     254
     243
     226
     228
     237
     213
     240
     240
     229
     231
     233
     261
     213
     231
     246
     224
     235
     262
     260
     238
     249
     246
     231
     270
     235
     248
     234
     249
     233
     231
     262
     220
     253
     237
     250
     258
     254
     257
     267
     234
     225
     241
     265
     233
     232
     240
     254
     225
     205
     247
     272
     273
     248
     239
     236
     214
     224
     239
     215
     252
     253
     252
     208
     248
     257
     242
     249
     239
     251
     231
     261
     233
     255
     231
     240
     250
     236
     228
     218
     245
     259
     241
     216
     258
     245
     249
     258
     256
     240
     254
     215
     282
     229
     232
     242
     221
     243
     244
     243
     256
     216
     236
     241
     247
     247
     254
     259
     232
     269
     232
     232
     235
     234
     236
     250
     245
     236
     245
     232
     238
     278
     254
     252
     235
     253
     243
     249
     251
     232
     254
     212
     237
     265
     235
     263
     254
     258
     236
     235
     271
     245
     238
     253
     266
     252
     230
     270
     231
     234
     225
     242
     298
     239
     278
     242
     239
     264
     254
     261
     247
     249
     236
     233
     232
     236
     246
     224
     213
     245
     243
     237
     231
     268
     226
     227
     233
     267
     250
     264
     258
     239
     242
     246
     239
     230
     232
     247
     228
     241
     260
     256
     258
     259
     253
     247
     283
     273
     266
     240
     244
     230
     245
     243
     257
     243
     258
     263
     244
     244
     283
     269
     250
     268
     249
     246
     263
     255
     242
     281
     267
     255
     273
     253
     271
     238
     235
     284
     244
     264
     262
     263
     278
     234
     281
     268
     259
     284
     242
     219
     228
     294
     255
     244
     270
     236
     275
     301
     239
     269
     259
     282
     292
     249
     248
     242
     260
     250
     259
     260
     277
     248
     289
     262
     256
     258
     264
     267
     243
     268
     276
     247
     249
     253
     276
     278
     275
     280
     264
     286
     237
     272
     270
     297
     272
     255
     259
     247
     246
     258
     235
     258
     270
     258
     275
     267
     276
     238
     279
     264
     246
     269
     252
     281
     255
     243
     275
     251
     261
     270
     297
     247
     279
     253
     272
     316
     261
     269
     272
     296
     246
     252
     285
     297
     272
     276
     261
     282
     260
     247
     277
     265
     271
     278
     272
     271
     260
     281
     278
     265
     284
     274
     271
     252
     220
     256
     233
     283
     268
     259
     278
     242
     257
     248
     273
     275
     253
     254
     246
     272
     267
     248
     255
     268
     243
     259
     276
     243
     244
     284
     264
     246
     251
     258
     250
     270
     256
     268
     272
     235
     273
     237
     222
     251
     256
     246
     249
     246
     240
     237
     244
     227
     238
     220
     226
     241
     222
     227
     240
     247
     250
     249
     235
     241
     222
     227
     222
     221
     250
     242
     228
     228
     221
     210
     197
     201
     208
     192
     190
     184
     195
     193
     197
     183
     180
     182
     181
     176
     193
     157
     190
     155
     180
     173
     163
     177
     177
     164
     164
     154
     152
     155
     165
     156
     156
     181
     159
     142
     157
     143
     143
     131
     158
     155
     131
     147
     121
     135
     128
     132
     157
     149
     133
     123
     126
     142
     126
      99
     120
     116
     119
     113
     130
     100
     131
     104
     119
     107
     112
     103
     129
     112
     106
     112
      82
     106
      93
     109
     116
      97
      88
     101
     109
      98
      88
     116
     109
     100
      89
     105
      99
      98
      74
      86
      95
      82
      92
      87
      89
      96
      88
      81
      98
     103
      97
      94
      81
      81
     100
      84
      92
     101
      89
      85
      89
      97
      74
      76
      79
     101
      89
      87
      82
      77
      79
      71
      91
      82
      72
      72
      79
      68
      72
      71
      68
      71
      64
      57
      83
      69
      73
      64
      78
      74
      77
      80
      80
      64
      80
      88
      83
      61
      69
      59
      73
      58
      69
      75
      77
      86
      81
      75
      69
      88
      71
      62
      71
      80
      85
      86
      66
      70
      72
      83
      63
      62
      66
      72
      82
      83
      72
      79
      77
      71
      91
      69
      73
      67
      74
      57
      66
      74
      66
      81
      63
      67
      66
      54
      57
      64
      54
      62
      70
      65
      70
      64
      60
      54
      52
      70
      87
      62
      59
      65
      66
      69
      62
      61
      80
      55
      67
      56
      71
      68
      66
      57
      64
      77
      70
      67
      72
      69
      63
      54
      61
      55
      53
      71
      75
      71
      70
      86
      82
      66
      51
      59
      63
      57
      56
      76
      66
      61
      74
      74
      79
      74
      63
      74
      68
      76
      73
      68
      64
      80
      62
      84
      66
      78
      90
      65
      61
      78
      75
      79
      65
      81
      72
      79
      68
      79
      74
      73
      91
      71
      79
      76
      72
      74
      83
      74
      83
      75
      66
      78
      76
      64
      69
      70
      71
      79
      83
      80
      97
      78
      92
      83
      94
      71
      73
      78
      88
      99
      83
      94
     100
      96
     101
     109
      88
      94
      99
     118
      90
     107
     115
     105
     114
     102
     113
     116
     113
     129
     129
     141
     134
     126
     147
     144
     148
     165
     121
     149
     144
     176
     158
     161
     170
     193
     179
     181
     206
     189
     201
     208
     207
     226
     233
     204
     251
     222
     249
     247
     249
     267
     272
     302
     326
     293
     324
     356
     334
     336
     364
     379
     395
     416
     420
     414
     470
     454
     466
     491
     515
     481
     555
     537
     559
     528
     572
     589
     620
     566
     664
     660
     649
     704
     741
     733
     783
     809
     833
     841
     819
     832
     878
     822
     938
     934
     929
     972
    1006
     989
    1047
    1113
    1109
    1128
    1173
    1122
    1219
    1215
    1221
    1350
    1305
    1314
    1316
    1370
    1379
    1445
    1456
    1444
    1524
    1522
    1538
    1543
    1627
    1571
    1697
    1718
    1698
    1640
    1739
    1880
    1847
    1791
    1788
    1814
    1884
    1904
    1959
    2039
    2009
    1977
    1964
    1982
    2127
    2128
    2114
    2110
    2096
    2217
    2126
    2214
    2127
    2240
    2176
    2146
    2228
    2276
    2255
    2266
    2379
    2275
    2269
    2236
    2202
    2279
    2295
    2223
    2313
    2331
    2205
    2235
    2358
    2340
    2279
    2191
    2210
    2247
    2281
    2180
    2111
    2299
    2235
    2236
    2167
    2234
    2170
    2223
    2208
    2103
    2082
    2097
    2036
    2028
    2000
    1995
    1951
    1920
    1961
    1888
    1891
    1914
    1832
    1822
    1808
    1792
    1688
    1752
    1692
    1659
    1631
    1585
    1579
    1478
    1506
    1449
    1459
    1425
    1435
    1382
    1332
    1287
    1315
    1245
    1208
    1153
    1138
    1148
    1094
    1079
    1087
    1065
    1061
     948
     935
     997
     956
     903
     902
     823
     802
     776
     737
     785
     682
     680
     687
     652
     666
     550
     589
     584
     541
     525
     520
     524
     492
     469
     442
     422
     413
     394
     365
     361
     385
     343
     358
     296
     296
     310
     270
     271
     273
     273
     238
     212
     216
     206
     201
     181
     190
     177
     173
     170
     174
     129
     128
     131
     141
     135
     126
     124
     112
     113
     109
      80
     102
     100
      64
      90
      76
      73
      73
      65
      44
      54
      63
      37
      43
      41
      46
      30
      44
      40
      38
      33
      28
      32
      18
      24
      25
      20
      30
      26
      29
      14
      21
      19
      16
       6
      24
      19
      18
      18
       7
       9
      10
       9
       8
      10
      12
       7
      10
       8
       8
      10
       7
       6
       7
       7
       4
       5
       7
       5
       5
       6
       3
       5
       3
       4
       5
       3
       6
       9
       6
       3
       4
       2
       7
       7
       3
       5
       3
       7
       4
       3
       6
       9
       3
       4
       8
       1
       5
       4
       3
       2
       3
       2
       4
       8
       2
       4
       3
       3
       3
       1
       2
       4
       3
       4
       3
       5
       2
       1
       8
       4
       6
       4
       6
       4
       5
       1
       6
       7
       5
       4
       6
       7
       5
       2
       1
       6
       5
       4
       3
       1
       4
       1
       2
       5
       4
       5
       5
       4
       0
       2
       4
       1
       3
       5
       3
       2
       3
       4
       4
       3
       4
       8
       4
       4
       2
       4
       2
       2
       4
       4
       4
       3
       5
       2
       3
       3
       2
       5
       4
       5
       2
       3
       0
       1
       2
       3
       2
       4
       5
       2
       3
       1
       3
       4
       4
       7
       2
       3
       0
       4
       3
       5
       3
       3
       3
       3
       5
       4
       5
       3
       2
       3
       3
       5
       1
       6
       2
       5
       1
       3
       6
       1
       5
       1
       2
       6
       1
       3
       5
       3
       6
       4
       5
       5
       1
       2
       5
       0
       5
       5
       7
       4
       2
       6
       3
       2
       1
       1
       8
       4
       2
       4
       3
       2
       3
       5
       3
       6
       2
       5
       6
       2
       0
       2
       1
       2
       4
       6
       6
       2
       0
       0
       0
       0
       0
       0
       0
       0
       0
       0
       0
       0
       0
       0
       0
       0
       0
       0
       0
       0
       0
       0
       0
       0
       0
       0
       0
       0
       0
       0
       0
       0
$ROI:
6
67 116
196 256
297 368
871 937
1189 1365
1529 1730
$PRESETS:
None
0
0
$ENER_FIT:
-0.231476 0.346771
$MCA_CAL:
3
-2.314757E-001 3.467707E-001 5.144805E-005 keV
$SHAPE_CAL:
3
1.165611E+001 9.210392E-002 -6.085550E-005
