$SPEC_ID:
No sample description was entered.
$SPEC_REM:
DET# 1
DETDESC# FSGUNIV-O93LS3D Easy-MCA-8k SN 17088661
AP# Maestro Version 7.01
$DATE_MEA:
03/11/2024 09:05:07
$MEAS_TIM:
281 290
$DATA:
0 2047
       0
       0
       0
       0
       0
       0
       0
       0
       0
       0
       0
       0
       0
       0
       0
       0
       0
       0
       0
       0
       0
       0
       0
       0
       0
       0
       0
       0
       0
       0
       0
       0
       0
       0
       0
       0
       0
       0
       0
       1
      48
      66
      62
      70
      68
      51
      63
      66
      70
      64
      59
      73
      61
      64
      65
      76
      63
      61
      67
      76
      61
      71
      73
     102
      85
      94
     130
     138
     142
     206
     220
     296
     347
     423
     504
     577
     724
     925
    1026
    1312
    1407
    1629
    1793
    2017
    2146
    2285
    2331
    2487
    2507
    2496
    2480
    2453
    2316
    2246
    1991
    1898
    1741
    1611
    1429
    1294
    1108
    1012
     939
     751
     676
     528
     524
     438
     379
     331
     288
     259
     200
     191
     166
     140
     172
     121
     113
     105
     107
     101
     110
     103
      98
     101
     115
     121
      95
     113
     114
     132
     118
     138
     150
     145
     171
     150
     158
     154
     178
     182
     203
     166
     196
     190
     225
     184
     179
     195
     198
     179
     174
     171
     187
     171
     168
     166
     146
     167
     144
     132
     151
     130
     131
     128
     121
     126
     133
     114
     123
     117
     111
     124
      96
     133
     140
     121
     145
     145
     159
     147
     154
     138
     160
     170
     172
     178
     174
     174
     191
     189
     227
     248
     220
     226
     265
     262
     308
     277
     304
     323
     366
     342
     401
     414
     454
     504
     532
     570
     620
     635
     683
     737
     726
     810
     860
     933
     897
     868
     960
    1048
    1048
    1042
    1057
    1039
    1083
    1010
    1120
    1053
    1078
    1011
     998
     961
     949
     911
     852
     766
     741
     733
     693
     598
     538
     524
     472
     405
     406
     310
     287
     268
     261
     217
     241
     202
     175
     144
     124
     109
     103
     107
      97
      92
      91
      76
      62
      75
      76
      62
      68
      72
      51
      63
      55
      59
      55
      46
      58
      64
      61
      56
      47
      66
      64
      52
      54
      47
      53
      52
      58
      74
      57
      55
      50
      64
      63
      53
      49
      66
      55
      69
      48
      48
      53
      67
      56
      60
      64
      46
      67
      73
      79
      56
      63
      59
      46
      54
      56
      60
      67
      55
      62
      48
      54
      53
      60
      71
      59
      60
      45
      59
      48
      65
      58
      62
      58
      60
      70
      36
      64
      62
      57
      47
      68
      66
      57
      62
      64
      56
      63
      61
      53
      67
      74
      59
      64
      54
      66
      49
      57
      74
      73
      69
      65
      57
      70
      55
      57
      67
      63
      68
      59
      69
      63
      78
      72
      77
      60
      81
      92
      69
      73
      81
      90
      85
      74
      79
      72
      86
      79
      91
      93
      83
      91
      88
     107
      91
      87
      83
      84
     112
     103
      92
      94
      89
     100
      90
      87
     111
      85
     105
      91
     105
      76
      98
     103
      90
     105
     118
     120
      99
      87
      81
     114
     113
      84
      77
      95
      89
      94
      99
      96
      99
     109
     102
     112
     109
      93
      91
      75
     102
      83
      93
      89
     107
      80
      80
      96
      82
      94
     102
      73
      94
      89
      81
      80
      78
     101
      99
      84
      91
      89
      84
      79
      82
      91
      73
      74
      76
      80
      76
      65
      76
      69
      76
      85
      81
      75
      80
      71
      67
      78
      67
      80
      74
     108
      91
      74
      66
      76
      67
      76
      87
      71
      84
      81
      78
      59
      63
      63
      89
      76
      82
      76
      78
      75
      62
      77
      70
      58
      78
      64
      69
      67
      87
      71
      89
      87
      55
      66
      86
      77
      87
      75
      67
      79
      64
      64
      56
      56
      62
      67
      61
      80
      44
      82
      58
      58
      44
      71
      45
      75
      58
      73
      67
      62
      75
      58
      53
      52
      63
      65
      56
      60
      56
      59
      54
      61
      61
      52
      58
      67
      57
      57
      57
      61
      66
      58
      69
      72
      59
      53
      44
      61
      67
      63
      63
      66
      64
      70
      56
      61
      63
      54
      50
      60
      66
      61
      58
      67
      51
      64
      92
      50
      60
      65
      65
      52
      70
      67
      57
      51
      52
      50
      42
      51
      63
      42
      54
      63
      67
      44
      69
      56
      66
      57
      44
      40
      52
      43
      48
      42
      51
      58
      42
      43
      48
      47
      67
      52
      51
      44
      61
      44
      43
      46
      58
      55
      52
      34
      46
      50
      50
      45
      44
      50
      50
      46
      57
      70
      41
      43
      56
      56
      69
      47
      53
      48
      48
      51
      71
      69
      65
      50
      75
      61
      67
      63
      59
      65
      73
      80
      72
      66
      83
      79
      65
      94
      85
      74
      77
      98
      85
      97
      86
      99
     102
      88
     105
      87
     112
      99
     107
      99
     104
     111
     120
      92
     117
     119
     123
     112
     125
     133
     110
     109
     107
     145
     132
     118
     141
     139
     133
     125
     120
     133
     138
     121
     136
     119
     126
     130
     144
     134
     132
     171
     142
     148
     183
     146
     161
     149
     154
     158
     154
     153
     177
     172
     151
     190
     167
     180
     169
     159
     168
     198
     176
     167
     208
     181
     198
     183
     202
     167
     195
     199
     203
     196
     188
     221
     182
     180
     196
     204
     202
     199
     222
     224
     210
     194
     191
     200
     192
     234
     227
     215
     181
     206
     211
     236
     229
     195
     196
     208
     169
     201
     219
     190
     206
     196
     169
     185
     176
     188
     174
     201
     195
     152
     184
     179
     193
     161
     171
     152
     169
     152
     163
     135
     150
     159
     145
     133
     141
     139
     130
     137
     104
     126
     125
     114
     128
     106
     128
     106
     133
     123
     113
      99
     124
     116
     123
     126
     111
     112
     100
     107
     139
     107
     119
     123
     118
     131
     135
     129
     151
     159
     151
     137
     176
     163
     151
     188
     183
     172
     201
     243
     196
     191
     216
     250
     239
     249
     247
     268
     286
     289
     282
     302
     312
     295
     310
     330
     337
     347
     324
     356
     409
     397
     397
     462
     417
     395
     426
     415
     427
     454
     403
     455
     441
     492
     424
     503
     505
     477
     460
     478
     462
     492
     505
     539
     484
     508
     508
     516
     469
     557
     500
     517
     559
     548
     519
     495
     533
     534
     508
     535
     520
     506
     505
     542
     484
     455
     462
     527
     507
     529
     477
     492
     468
     451
     447
     411
     422
     388
     442
     412
     444
     397
     406
     343
     377
     381
     341
     352
     355
     318
     312
     306
     321
     259
     298
     281
     267
     276
     272
     255
     249
     254
     229
     218
     241
     195
     194
     204
     216
     200
     179
     178
     210
     165
     163
     143
     134
     186
     152
     148
     137
     107
     139
     112
     109
     111
     108
     124
      95
      96
      86
      93
      83
      97
      83
      87
      91
      90
      82
      89
      77
      79
      52
      70
      69
      92
      60
      73
      69
      66
      55
      53
      61
      56
      60
      43
      49
      56
      35
      36
      37
      48
      32
      38
      59
      33
      30
      30
      33
      24
      33
      27
      29
      24
      18
      23
      21
      28
      23
      17
      24
      21
      26
      18
      24
      16
      17
       9
      18
      13
       9
       7
      10
      10
      13
      13
       5
       8
       8
       7
       8
       6
       8
      12
       1
       6
       5
       8
       4
       6
       3
       7
       3
       5
       5
       2
       3
       6
       2
       8
       0
       3
       4
       5
       2
       3
       2
       2
       3
       2
       4
       2
       3
       1
       2
       2
       1
       4
       1
       4
       6
       5
       2
       2
       3
       4
       2
       2
       3
       5
       3
       4
       1
       4
       4
       1
       2
       2
       3
       4
       2
       1
       2
       2
       2
       7
       1
       1
       0
       1
       3
       2
       5
       1
       1
       2
       6
       1
       5
       1
       1
       4
       3
       1
       2
       4
       3
       4
       1
       3
       1
       3
       3
       3
       2
       1
       5
       0
       3
       1
       2
       2
       1
       0
       0
       2
       1
       1
       2
       0
       2
       1
       2
       1
       2
       2
       1
       5
       3
       1
       3
       1
       0
       1
       4
       3
       0
       1
       7
       1
       1
       1
       1
       2
       1
       1
       4
       0
       0
       1
       0
       2
       1
       0
       0
       1
       1
       3
       2
       1
       1
       2
       2
       0
       1
       0
       0
       0
       0
       1
       1
       2
       1
       1
       1
       0
       0
       0
       0
       1
       0
       2
       4
       4
       2
       0
       0
       0
       0
       0
       0
       0
       1
       1
       1
       0
       0
       1
       0
       2
       1
       1
       1
       1
       1
       1
       1
       2
       0
       0
       1
       0
       2
       0
       0
       1
       1
       1
       3
       1
       0
       1
       1
       1
       0
       1
       3
       0
       1
       1
       0
       1
       0
       0
       0
       1
       2
       0
       2
       0
       0
       1
       1
       1
       0
       1
       1
       0
       0
       0
       1
       0
       0
       2
       0
       0
       2
       2
       1
       2
       1
       0
       0
       3
       0
       0
       0
       0
       0
       0
       0
       1
       0
       1
       2
       0
       0
       1
       0
       0
       1
       1
       2
       1
       0
       0
       0
       1
       1
       1
       0
       3
       1
       1
       0
       1
       3
       1
       0
       0
       0
       1
       1
       2
       1
       1
       1
       0
       0
       1
       0
       0
       1
       0
       1
       0
       0
       1
       0
       0
       0
       1
       1
       0
       0
       1
       1
       2
       2
       0
       2
       1
       1
       0
       2
       0
       0
       1
       1
       2
       0
       0
       1
       0
       0
       1
       2
       3
       2
       0
       0
       0
       2
       0
       1
       0
       2
       1
       1
       0
       1
       2
       2
       1
       1
       1
       1
       0
       0
       0
       0
       1
       2
       1
       0
       0
       2
       1
       2
       0
       1
       2
       1
       1
       1
       0
       0
       0
       2
       1
       0
       1
       0
       1
       2
       0
       1
       0
       2
       1
       2
       2
       3
       1
       2
       0
       1
       5
       1
       1
       1
       0
       0
       1
       0
       1
       1
       0
       2
       0
       2
       1
       2
       2
       2
       0
       1
       2
       1
       0
       1
       1
       1
       0
       0
       0
       4
       2
       0
       1
       0
       3
       2
       0
       1
       0
       0
       0
       1
       1
       3
       4
       2
       1
       1
       1
       2
       2
       1
       0
       0
       1
       0
       0
       0
       0
       0
       2
       1
       1
       3
       1
       0
       0
       2
       1
       0
       1
       0
       0
       0
       0
       0
       0
       0
       1
       0
       0
       1
       1
       2
       0
       2
       1
       1
       1
       0
       3
       1
       0
       1
       1
       3
       1
       0
       0
       1
       0
       0
       0
       1
       0
       0
       0
       3
       0
       0
       3
       0
       1
       2
       1
       0
       0
       2
       1
       0
       2
       2
       1
       1
       0
       1
       1
       1
       0
       0
       1
       1
       1
       0
       0
       1
       0
       0
       1
       0
       0
       1
       0
       0
       0
       1
       1
       1
       1
       0
       0
       1
       0
       2
       0
       0
       1
       0
       2
       0
       0
       0
       0
       2
       1
       0
       1
       1
       0
       0
       1
       0
       0
       1
       0
       0
       1
       1
       0
       1
       0
       0
       0
       0
       0
       1
       1
       0
       1
       1
       3
       1
       0
       0
       0
       0
       0
       0
       0
       0
       0
       0
       0
       1
       1
       0
       0
       0
       0
       0
       0
       1
       0
       1
       0
       1
       1
       0
       0
       0
       2
       0
       0
       1
       0
       1
       1
       0
       0
       1
       0
       0
       1
       0
       1
       0
       0
       0
       0
       3
       1
       0
       1
       1
       1
       2
       2
       1
       0
       1
       0
       0
       0
       1
       1
       0
       1
       0
       0
       0
       1
       1
       0
       0
       0
       2
       0
       1
       1
       0
       1
       1
       0
       0
       0
       0
       0
       1
       2
       1
       0
       0
       0
       0
       1
       1
       1
       1
       1
       0
       0
       0
       1
       0
       0
       0
       0
       0
       1
       1
       0
       1
       0
       0
       0
       0
       0
       0
       1
       1
       1
       0
       0
       1
       0
       1
       0
       0
       0
       0
       0
       0
       0
       0
       1
       1
       0
       0
       0
       0
       0
       2
       0
       0
       0
       1
       0
       0
       0
       0
       2
       1
       0
       1
       0
       1
       1
       0
       0
       2
       0
       0
       1
       0
       0
       1
       1
       0
       0
       0
       0
       1
       1
       2
       0
       0
       0
       1
       0
       0
       0
       0
       0
       0
       3
       0
       0
       0
       0
       0
       1
       0
       0
       0
       0
       3
       0
       0
       0
       0
       0
       1
       0
       1
       0
       1
       0
       0
       0
       0
       0
       0
       0
       0
       0
       0
       0
       1
       0
       1
       1
       0
       0
       0
       0
       1
       0
       0
       1
       0
       1
       0
       0
       0
       0
       1
       1
       1
       0
       0
       0
       0
       0
       0
       0
       0
       0
       0
       0
       0
       1
       1
       0
       0
       0
       0
       0
       0
       0
       0
       0
       0
       0
       0
       1
       0
       0
       1
       0
       2
       1
       0
       1
       0
       1
       0
       0
       0
       0
       0
       1
       0
       0
       0
       0
       0
       1
       0
       0
       1
       0
       0
       0
       0
       1
       0
       0
       0
       0
       1
       0
       0
       0
       0
       0
       1
       0
       0
       0
       1
       0
       0
       0
       1
       1
       2
       0
       0
       0
       0
       0
       0
       0
       0
       0
       0
       1
       0
       0
       0
       2
       0
       0
       2
       0
       0
       0
       0
       0
       0
       0
       0
       0
       1
       0
       0
       0
       1
       0
       1
       0
       1
       0
       0
       0
       0
       0
       0
       0
       0
       0
       1
       0
       0
       0
       0
       0
       0
       0
       0
       1
       0
       0
       0
       0
       0
       0
       0
       0
       0
       0
       0
       0
       0
       0
       0
       0
       0
       0
       0
       0
       0
       0
       0
       0
       0
       0
       0
       0
       0
       0
       0
       0
       0
       0
       0
$ROI:
5
67 116
196 256
871 937
1189 1365
1529 1730
$PRESETS:
None
0
0
$ENER_FIT:
-0.231476 0.346771
$MCA_CAL:
3
-2.314757E-001 3.467707E-001 5.144805E-005 keV
$SHAPE_CAL:
3
1.165611E+001 9.210392E-002 -6.085550E-005
