$SPEC_ID:
No sample description was entered.
$SPEC_REM:
DET# 1
DETDESC# FSGUNIV-O93LS3D Easy-MCA-8k SN 17088661
AP# Maestro Version 7.01
$DATE_MEA:
03/11/2024 11:29:45
$MEAS_TIM:
597 601
$DATA:
0 2047
       0
       0
       0
       0
       0
       0
       0
       0
       0
       0
       0
       0
       0
       0
       0
       0
       0
       0
       0
       0
       0
       0
       0
       0
       0
       0
       0
       0
       0
       0
       0
       0
       0
       0
       0
       0
       0
       0
       0
       0
      19
      21
      27
      20
      22
      32
      33
      23
      30
      21
      24
      14
      34
      20
      20
      26
      24
      15
      20
      21
      26
      24
      22
      25
      23
      18
      26
      22
      33
      18
      43
      20
      20
      22
      22
      36
      22
      38
      25
      29
      21
      32
      27
      29
      21
      15
      33
      27
      32
      23
      33
      30
      32
      29
      31
      29
      26
      39
      25
      22
      17
      22
      29
      23
      33
      24
      22
      20
      33
      25
      19
      22
      28
      33
      33
      29
      23
      33
      25
      33
      29
      32
      31
      29
      36
      32
      28
      28
      30
      23
      35
      32
      26
      20
      34
      24
      29
      36
      42
      27
      29
      31
      24
      26
      28
      22
      34
      25
      23
      27
      33
      17
      30
      32
      34
      32
      35
      27
      26
      27
      34
      37
      29
      26
      23
      34
      35
      32
      33
      31
      36
      36
      35
      37
      32
      25
      28
      32
      27
      28
      31
      36
      36
      42
      38
      38
      25
      36
      41
      34
      32
      45
      41
      43
      47
      53
      46
      54
      45
      58
      51
      49
      57
      55
      59
      54
      57
      67
      59
      51
      57
      61
      53
      70
      67
      50
      56
      56
      62
      57
      57
      56
      49
      58
      58
      62
      52
      44
      40
      54
      53
      36
      56
      44
      40
      44
      42
      38
      43
      33
      49
      49
      55
      44
      45
      48
      36
      30
      43
      45
      46
      46
      41
      37
      45
      41
      43
      46
      52
      42
      38
      27
      31
      37
      36
      27
      40
      40
      33
      23
      34
      25
      27
      43
      46
      30
      30
      27
      35
      35
      34
      27
      39
      37
      36
      34
      39
      31
      35
      42
      36
      32
      48
      40
      42
      45
      41
      54
      38
      30
      28
      45
      40
      28
      46
      30
      42
      49
      57
      49
      44
      51
      44
      39
      47
      56
      35
      41
      31
      51
      43
      41
      51
      38
      42
      47
      38
      35
      58
      35
      46
      45
      42
      47
      61
      40
      42
      41
      34
      42
      47
      55
      47
      48
      40
      42
      41
      39
      35
      35
      43
      47
      31
      37
      44
      41
      38
      42
      38
      41
      46
      40
      41
      52
      32
      35
      34
      44
      38
      45
      49
      40
      40
      37
      47
      37
      41
      35
      37
      35
      44
      40
      43
      44
      51
      39
      47
      40
      53
      32
      33
      49
      46
      37
      38
      47
      32
      39
      54
      50
      41
      45
      35
      34
      27
      37
      33
      48
      41
      38
      28
      39
      38
      42
      39
      46
      37
      46
      41
      49
      48
      42
      27
      55
      34
      42
      49
      40
      47
      36
      34
      51
      33
      30
      43
      46
      41
      30
      43
      37
      49
      47
      52
      46
      31
      48
      42
      39
      42
      54
      56
      51
      44
      44
      30
      48
      49
      48
      37
      42
      53
      33
      32
      48
      35
      38
      42
      42
      45
      62
      36
      46
      38
      37
      47
      37
      43
      57
      40
      42
      39
      46
      49
      43
      43
      44
      36
      43
      47
      38
      51
      38
      49
      46
      39
      40
      27
      35
      45
      40
      44
      29
      39
      47
      36
      41
      38
      48
      38
      57
      44
      51
      39
      43
      37
      38
      48
      40
      36
      32
      29
      40
      50
      27
      37
      48
      44
      27
      42
      39
      49
      53
      34
      39
      50
      45
      39
      35
      51
      41
      35
      44
      40
      40
      35
      53
      39
      43
      39
      44
      38
      40
      27
      38
      38
      38
      34
      38
      43
      40
      41
      31
      37
      33
      36
      38
      42
      32
      36
      38
      36
      38
      45
      51
      47
      42
      30
      30
      35
      34
      37
      29
      31
      41
      37
      41
      35
      44
      34
      38
      34
      33
      26
      39
      31
      40
      32
      34
      26
      37
      30
      36
      34
      43
      29
      40
      45
      38
      32
      36
      42
      40
      51
      24
      32
      30
      33
      42
      35
      36
      37
      24
      40
      33
      30
      38
      21
      30
      29
      38
      44
      36
      36
      26
      35
      35
      33
      42
      30
      35
      32
      32
      42
      39
      43
      34
      42
      31
      32
      33
      33
      43
      35
      38
      43
      34
      29
      32
      37
      36
      26
      37
      39
      36
      33
      24
      35
      32
      32
      35
      31
      32
      27
      38
      37
      37
      35
      35
      27
      32
      37
      29
      42
      43
      33
      35
      30
      27
      31
      38
      34
      32
      39
      17
      37
      27
      33
      28
      39
      41
      37
      42
      33
      29
      41
      36
      35
      43
      29
      34
      37
      30
      37
      30
      31
      41
      32
      31
      30
      28
      41
      38
      32
      20
      36
      35
      35
      33
      35
      36
      29
      36
      32
      31
      22
      39
      26
      18
      17
      33
      34
      24
      27
      31
      32
      35
      25
      28
      37
      35
      26
      29
      28
      28
      27
      29
      45
      28
      35
      27
      29
      24
      31
      33
      21
      20
      25
      26
      31
      30
      30
      32
      32
      26
      25
      25
      31
      23
      26
      23
      30
      40
      33
      29
      36
      30
      37
      22
      27
      31
      40
      34
      19
      33
      30
      34
      29
      23
      25
      30
      31
      27
      27
      30
      28
      21
      33
      22
      34
      39
      25
      32
      22
      33
      29
      31
      22
      15
      24
      35
      23
      21
      28
      18
      16
      24
      32
      27
      26
      19
      32
      25
      31
      25
      35
      26
      19
      24
      22
      21
      21
      20
      29
      29
      23
      19
      18
      28
      33
      23
      28
      27
      20
      28
      20
      25
      25
      18
      31
      23
      21
      25
      18
      29
      17
      15
      22
      26
      19
      21
      18
      21
      17
      22
      21
      31
      24
      17
      31
      29
      25
      35
      24
      25
      32
      30
      25
      23
      29
      27
      25
      27
      23
      20
      21
      22
      22
      29
      22
      23
      14
      17
      20
      28
      25
      20
      20
      25
      29
      24
      27
      32
      26
      23
      20
      26
      18
      18
      23
      21
      23
      33
      15
      24
      19
      26
      27
      21
      21
      25
      20
      27
      23
      22
      33
      29
      16
      25
      21
      23
      20
      21
      19
      28
      28
      21
      27
      20
      22
      20
      22
      25
      28
      20
      24
      18
      21
      15
      25
      19
      17
      31
      23
      20
      23
      19
      27
      21
      19
      21
      17
      25
      20
      28
      19
      30
      26
      24
      20
      23
      19
      36
      23
      18
      23
      32
      22
      23
      26
      22
      18
      18
      30
      20
      24
      19
      34
      29
      25
      22
      23
      21
      19
      28
      25
      19
      24
      21
      14
      25
      21
      27
      22
      24
      35
      23
      27
      27
      24
      23
      42
      31
      39
      21
      31
      39
      30
      34
      23
      24
      39
      23
      36
      32
      25
      47
      23
      36
      34
      34
      22
      25
      32
      39
      22
      35
      32
      39
      34
      26
      24
      25
      41
      29
      37
      37
      24
      36
      29
      36
      39
      39
      28
      29
      43
      32
      47
      32
      28
      45
      35
      38
      39
      48
      42
      41
      35
      42
      42
      51
      44
      46
      37
      40
      53
      45
      58
      47
      43
      61
      50
      45
      46
      54
      48
      50
      49
      41
      50
      52
      60
      47
      60
      55
      42
      53
      50
      59
      61
      64
      60
      54
      66
      51
      61
      66
      65
      69
      70
      71
      58
      69
      67
      51
      58
      52
      55
      71
      60
      79
      60
      64
      60
      74
      65
      78
      66
      66
      61
      80
      77
      68
      72
      70
      82
      74
      85
      69
      78
      84
      87
      74
      88
      71
      69
      90
      71
      87
      87
      96
      94
      95
      97
      73
      91
      80
      77
      79
      84
      91
      82
      97
      97
      98
      89
      89
     103
     100
      76
      90
      76
      81
      97
     101
      85
      99
      97
     106
     109
     100
      97
     107
      83
      83
      86
     102
      86
      84
      97
      82
      99
      97
      87
     101
      87
     105
      80
      95
      99
     105
     112
      91
      98
      96
      94
      76
     103
      95
      99
      80
      96
      94
      92
      96
      94
      95
      91
     105
     102
      97
     123
      89
      96
      72
      79
      89
      96
      86
      87
      95
      80
     104
      95
      90
      77
     103
      97
      94
      97
      74
      81
      88
      76
      92
      96
      88
      95
      76
      84
      95
      89
      72
      87
      67
      88
      93
      91
      69
      65
      65
      99
      70
      62
      63
      74
      71
      76
      63
      68
      89
      79
      63
      68
      63
      60
      77
      74
      65
      59
      83
      60
      71
      52
      76
      69
      72
      60
      60
      65
      62
      46
      64
      66
      56
      58
      55
      62
      65
      59
      47
      43
      60
      44
      38
      46
      47
      44
      45
      50
      46
      41
      43
      57
      52
      45
      33
      51
      47
      49
      52
      39
      37
      40
      37
      44
      39
      29
      43
      38
      46
      38
      36
      33
      29
      39
      35
      39
      29
      45
      33
      32
      25
      29
      37
      18
      37
      38
      31
      24
      24
      22
      30
      30
      25
      25
      24
      17
      26
      34
      21
      31
      34
      26
      29
      30
      19
      28
      23
      25
      25
      18
      21
      18
      16
      20
      27
      20
      24
      18
      15
      27
      15
      18
      15
      18
      16
      20
      14
      21
      15
      15
      17
      20
      16
      20
      16
      13
      12
      19
      21
      13
      16
      16
      16
      15
      13
      15
      17
       9
      13
      10
      15
      11
      15
      18
      14
      12
      10
      10
      14
      15
      14
      13
      17
      17
      16
      17
       9
       9
      12
      10
      17
       9
      16
      16
      12
      13
       9
       9
      11
      12
      15
      12
      12
       7
       9
       6
      15
      15
      14
      12
      15
       8
      16
       5
       9
       9
      14
      12
       7
      12
       5
      14
      12
       3
       4
      14
       9
       6
      15
      11
      10
      10
      14
      11
      10
       8
       8
      13
      11
       5
       8
      15
      14
       6
      11
      16
      13
      19
      10
      12
      12
       8
       7
      11
       9
      10
      10
      18
       5
       8
      14
       5
      14
      10
      14
      13
      11
      17
       9
      13
      15
      14
      20
      15
       7
      16
       9
      11
      22
      10
       7
      17
      10
       8
       9
       9
      16
      17
      14
      11
      14
       9
      14
      18
      12
      14
      22
      20
      14
       9
       5
      20
      14
       9
      14
       7
      16
      12
      15
      14
      13
      11
      20
      21
      13
      19
      17
       9
      16
      15
      12
      18
      16
      17
      22
      13
       8
      24
       9
      13
      18
      14
      16
      18
      15
      15
      11
      14
      17
      20
      12
      19
      15
      16
      24
      21
      13
      14
      15
      17
      20
      23
      17
      17
      14
      23
      11
      15
      20
      22
      20
      17
      23
      21
      23
      16
      11
      15
      27
      18
      22
      20
      27
      22
      14
      19
      23
      11
      18
      17
      21
      24
      14
      17
      22
      20
      19
      18
      19
      20
      17
      15
      16
      24
      17
      23
      20
      20
      24
      18
      21
      15
      18
       9
      12
      19
      22
      19
      19
      20
      12
      20
      21
      20
      12
      22
      20
      18
      17
      16
      21
      21
      12
       9
      28
      13
      12
      14
      21
      17
      20
      10
       5
       6
      16
      14
       9
      12
       7
      12
      18
      14
       9
       7
      12
       9
      10
      14
      11
       9
       8
      11
      13
      10
      13
      16
       9
       6
       7
       3
       4
       8
       7
       6
       6
       8
       6
       4
       7
       3
       6
       4
       7
       6
       4
       3
       5
       5
       4
       8
       4
      10
       8
       3
       5
       0
       5
       0
       5
       2
       3
       3
       6
       0
       4
       1
       5
       4
      10
       2
       2
       4
       0
       2
       0
       1
       4
       1
       3
       1
       1
       2
       1
       2
       1
       2
       0
       0
       1
       1
       0
       1
       2
       3
       2
       3
       2
       2
       0
       0
       0
       1
       2
       2
       0
       1
       1
       0
       1
       1
       2
       0
       1
       1
       0
       0
       1
       1
       0
       2
       2
       1
       0
       1
       1
       1
       0
       0
       1
       1
       1
       1
       1
       0
       1
       0
       0
       1
       0
       0
       0
       0
       3
       1
       2
       1
       1
       2
       1
       0
       1
       1
       0
       0
       0
       0
       0
       0
       1
       0
       0
       0
       0
       0
       1
       0
       2
       1
       1
       2
       0
       0
       1
       0
       2
       1
       1
       0
       1
       2
       0
       1
       1
       0
       1
       0
       0
       0
       1
       0
       0
       0
       0
       2
       1
       1
       0
       0
       2
       0
       1
       0
       0
       2
       0
       2
       2
       0
       0
       0
       1
       0
       1
       1
       1
       0
       0
       0
       0
       1
       0
       1
       1
       0
       1
       3
       0
       2
       0
       0
       1
       0
       0
       1
       0
       0
       2
       0
       1
       1
       0
       2
       1
       2
       1
       0
       0
       0
       1
       0
       0
       2
       0
       0
       0
       0
       1
       1
       0
       0
       0
       1
       0
       1
       1
       1
       1
       0
       0
       1
       1
       0
       0
       2
       0
       0
       0
       0
       0
       0
       2
       0
       1
       1
       0
       1
       0
       0
       1
       1
       0
       1
       0
       1
       0
       0
       0
       1
       1
       2
       0
       0
       4
       1
       0
       1
       1
       0
       2
       0
       1
       0
       2
       0
       0
       1
       0
       0
       0
       1
       2
       0
       1
       2
       1
       0
       0
       0
       0
       1
       0
       0
       1
       1
       1
       0
       0
       0
       0
       0
       0
       0
       0
       0
       0
       0
       0
       0
       0
       0
       0
       0
       0
       0
       0
       0
       0
       0
       0
       0
       0
       0
       0
       0
       0
       0
       0
$ROI:
6
67 116
196 256
297 368
871 937
1189 1365
1529 1730
$PRESETS:
None
0
0
$ENER_FIT:
-0.231476 0.346771
$MCA_CAL:
3
-2.314757E-001 3.467707E-001 5.144805E-005 keV
$SHAPE_CAL:
3
1.165611E+001 9.210392E-002 -6.085550E-005
