$SPEC_ID:
No sample description was entered.
$SPEC_REM:
DET# 1
DETDESC# FSGUNIV-O93LS3D Easy-MCA-8k SN 17088661
AP# Maestro Version 7.01
$DATE_MEA:
03/11/2024 12:03:44
$MEAS_TIM:
331 333
$DATA:
0 2047
       0
       0
       0
       0
       0
       0
       0
       0
       0
       0
       0
       0
       0
       0
       0
       0
       0
       0
       0
       0
       0
       0
       0
       0
       0
       0
       0
       0
       0
       0
       0
       0
       0
       0
       0
       0
       0
       0
       0
       0
       7
       4
       3
       8
       5
       6
       3
       5
       7
       2
       5
       5
       3
       9
      10
       8
       5
       5
       6
       6
       5
       9
       7
       8
       3
      10
       6
       7
       6
       8
      10
       6
       7
       7
      13
       7
       6
      12
       8
       5
       4
       5
       7
      11
       7
      11
       4
       7
       7
       6
       3
       5
       6
      12
       5
       7
       3
       5
       9
       8
       6
       9
       8
      14
       8
       8
       8
       8
       9
       9
      12
       8
       9
      10
      11
       5
       5
       6
       8
       5
       5
       6
      10
      10
       7
       6
      16
       9
       5
      11
       6
      10
       7
       9
       6
      10
       5
      13
      15
       7
       2
       6
       8
       8
       7
       9
       5
      10
      10
       6
      11
       3
       2
      11
       9
       9
       4
      10
       5
       5
      13
       7
       7
      12
       6
       8
       5
       2
      16
      12
       9
      11
      10
       3
       9
      13
       7
       8
       6
      10
       9
       5
      12
      11
      11
       3
       7
      15
      11
      11
       6
       9
      11
      12
       9
       9
      15
       9
      14
       6
      13
      12
      17
      19
      12
      18
      19
      12
      12
      18
      15
      19
      28
      18
      12
      22
      13
      13
      14
      15
      16
      14
       7
      19
      21
      12
      11
      19
       6
      19
      15
      19
      13
      17
       9
      11
      14
       6
      17
      17
      14
      14
      12
      14
      13
      10
       5
      14
      12
      18
      14
      11
      11
      11
      11
      10
       8
      12
      11
      14
       8
       8
      13
      14
      12
       9
      19
      14
       6
       8
      14
      15
      16
      17
      11
      15
      12
      12
      13
      14
      15
      10
       8
      15
      11
      11
      15
      12
      16
       6
       9
      12
      13
      14
      11
      14
      11
      12
      12
      14
      12
      13
      10
      14
      13
      12
      15
      11
      14
      10
      13
      15
      12
      19
      19
      16
       7
      18
      15
      10
      16
      12
      13
      15
      11
      11
      19
       8
      11
      21
       8
      18
      21
      23
      15
      17
      11
       9
      12
      19
      11
      15
       7
      16
      11
      19
      19
      17
      21
      17
      13
      21
      14
      18
      21
      11
      15
      13
       7
      18
      13
      19
      22
      10
      11
      20
      11
      10
      10
      20
      11
      20
      13
      11
      15
      14
      17
      13
      17
      17
       9
      10
       9
      14
      12
      12
      18
      14
      18
      14
       7
      17
      14
      17
       9
      16
      14
      18
      15
      15
       5
       8
      20
       7
      16
      10
      15
      13
      14
      15
      21
      15
      13
      14
       9
      15
      13
      14
      15
      11
      12
      14
      17
      15
      13
      13
      19
      17
      17
      16
      11
      21
      11
      16
       9
      13
      15
      16
       9
      17
      14
      18
      14
      12
      13
       8
      11
      15
      15
      15
       7
      11
      12
      13
      14
      11
       9
      16
      16
      14
      17
      15
       9
      18
      14
      11
      22
      11
       9
      14
      18
       8
      15
      15
      13
      10
      19
      15
      11
      13
      18
      13
      13
      11
      18
      12
      11
       9
      15
      10
      10
      19
      14
      14
      20
      18
      10
       7
      15
      10
       9
      13
       4
      22
      15
      14
       8
       9
      15
      19
       8
      10
      10
      17
      13
       8
      22
      10
      11
      16
      12
      17
      18
      14
       7
      16
      13
      12
      16
       7
      10
       7
       6
      17
       9
       9
       9
      17
      12
      13
       9
      12
      10
      13
      13
      17
      16
      12
       8
       9
       7
       7
       9
      16
      20
      16
      16
       6
      14
       8
      10
      11
      11
      15
      11
      12
      18
      17
      12
      15
      20
       7
      12
       7
      10
      12
       9
      12
       8
      10
       9
      13
       9
      11
      14
      11
      10
      13
      18
       3
       7
       9
      11
       5
      12
      13
      13
       9
      12
       8
       7
      17
       8
      14
      11
      11
      11
       7
       8
      15
      11
      17
      11
      11
       9
       8
      14
       7
      12
      13
       5
       8
       7
      15
      12
      13
      10
      11
      14
      11
       4
       6
       8
      10
       7
      12
      10
       3
       8
       8
       7
      13
      10
      12
       5
       8
      12
       7
      10
       8
      12
       6
       8
      11
       8
       9
       3
      12
      11
      14
       7
       7
       9
      11
      11
       8
       9
      12
       7
       8
      10
      11
       6
       5
       7
       7
      11
      10
      10
       9
       9
      12
      10
       6
       8
       7
       7
       7
       6
      13
       6
       6
       7
      11
      11
      11
       7
       6
      12
      10
       6
       6
       3
       5
       4
       7
      12
       7
       4
      11
       3
       7
      10
       7
      10
       7
       4
       5
       8
       7
       4
      12
       8
       4
       1
       7
      12
       5
      10
      11
       7
       5
       4
       7
       8
       6
       4
       9
       7
      14
      10
       2
       9
       4
       9
       7
       8
      10
       4
       2
       8
      10
       8
       8
       2
      10
      12
       5
       3
       7
       9
       8
       7
       6
       7
       1
       5
       3
       9
      10
       2
       9
       4
      13
       5
       6
      13
      11
       5
       7
       4
       7
       8
       8
       5
       3
       7
       5
       6
       9
      11
       6
       3
       7
       7
       1
       8
       8
      10
       6
       6
       6
       6
       5
      12
       3
       5
       8
       6
       7
      10
       4
      11
       5
      12
       8
       8
       5
       1
      10
       8
       6
      12
       8
       6
       5
       6
       6
       8
       7
       8
       9
       9
      10
       5
       7
       5
       4
       9
       7
       2
      10
       7
      13
       0
       4
       7
       9
       6
       8
       8
       9
       7
       4
      11
       9
       6
      13
      11
       3
      10
       6
       7
       8
       6
      11
       4
       9
      10
       5
       6
      17
       6
      10
       7
       7
      12
       8
      10
       8
      19
      11
       8
       8
      12
      13
       7
      17
      13
      15
       8
      15
      11
      10
      13
      18
       8
      15
       8
      15
      12
      15
       7
      21
      18
      18
      16
      16
      19
      10
      20
      16
      22
      18
      24
      14
      18
      15
      26
      28
      13
      22
      20
      22
      18
      24
      14
      13
      20
      14
      18
      24
      20
      23
      19
      23
      29
      25
      27
      23
      16
      29
      14
      22
      34
      28
      27
      28
      29
      19
      28
      20
      18
      38
      31
      34
      33
      23
      26
      27
      32
      40
      33
      39
      43
      27
      33
      25
      36
      30
      32
      41
      41
      41
      25
      36
      34
      30
      36
      39
      31
      25
      30
      29
      40
      37
      47
      31
      41
      40
      38
      40
      45
      36
      39
      39
      45
      41
      38
      42
      38
      54
      38
      34
      37
      36
      35
      36
      45
      42
      35
      43
      36
      33
      42
      40
      46
      61
      47
      37
      42
      53
      34
      42
      37
      40
      40
      44
      48
      42
      44
      26
      45
      35
      40
      34
      46
      37
      31
      34
      38
      44
      43
      50
      41
      56
      45
      47
      49
      39
      50
      44
      45
      39
      44
      35
      29
      44
      42
      36
      43
      51
      39
      33
      45
      42
      29
      41
      30
      43
      50
      44
      38
      29
      30
      39
      37
      36
      33
      43
      34
      31
      21
      25
      40
      28
      37
      23
      35
      26
      37
      25
      32
      28
      34
      25
      33
      27
      26
      29
      25
      28
      34
      22
      26
      21
      27
      24
      25
      22
      21
      24
      20
      25
      14
      25
      17
      23
      26
      18
      24
      15
      14
      23
      18
      26
      17
      18
      19
      13
      18
      20
      24
      19
      12
      16
      12
      10
      17
      18
      11
      16
      12
      21
      19
      14
      17
      14
      12
      10
      12
      12
       8
       9
      13
      14
      14
      10
      12
      12
      11
      11
      10
      15
       9
      10
      13
      13
      16
      11
      14
       9
       8
       5
       6
      12
       4
       9
       8
       6
       7
       5
       6
      10
       7
       8
       7
       9
       8
       4
       8
       6
       4
       2
       7
      11
       1
       6
       3
       4
       2
       6
       7
       4
       4
       5
       2
       4
       3
       7
       4
       2
       7
       4
       6
       2
       0
       6
       4
       5
       2
       2
       1
       1
       4
       4
       3
       0
       4
       8
       1
       1
       3
       2
       2
       1
       0
       2
       5
       3
       1
       5
       6
       0
       1
       5
       0
       4
       2
       2
       1
       6
       2
       2
       2
       4
       2
       2
       0
       1
       2
       2
       1
       1
       2
       5
       1
       3
       0
       4
       3
       1
       2
       0
       2
       0
       1
       1
       1
       2
       1
       3
       0
       2
       3
       2
       0
       1
       0
       1
       3
       2
       2
       1
       4
       2
       1
       0
       1
       0
       1
       1
       0
       0
       0
       2
       0
       2
       2
       0
       1
       1
       0
       1
       0
       1
       2
       1
       1
       2
       2
       4
       1
       0
       0
       1
       0
       0
       0
       0
       1
       0
       0
       1
       3
       2
       1
       1
       0
       0
       0
       2
       1
       0
       1
       1
       0
       0
       0
       1
       0
       2
       2
       0
       0
       0
       1
       0
       4
       1
       0
       2
       0
       0
       0
       2
       0
       1
       1
       2
       1
       1
       0
       0
       1
       0
       1
       1
       1
       0
       0
       0
       0
       2
       2
       2
       1
       2
       0
       1
       0
       0
       1
       0
       0
       1
       0
       1
       0
       1
       3
       1
       1
       2
       0
       0
       3
       1
       1
       0
       0
       1
       0
       0
       1
       1
       2
       1
       0
       0
       3
       0
       0
       1
       0
       1
       2
       1
       0
       1
       0
       1
       1
       2
       0
       2
       1
       1
       0
       0
       1
       0
       1
       0
       2
       3
       0
       0
       1
       1
       0
       0
       0
       0
       0
       1
       2
       1
       1
       1
       0
       2
       1
       1
       1
       0
       2
       0
       3
       2
       1
       2
       1
       0
       0
       1
       2
       0
       1
       0
       0
       0
       1
       0
       0
       0
       1
       0
       1
       0
       0
       0
       1
       0
       2
       0
       0
       2
       0
       0
       2
       1
       0
       0
       1
       1
       1
       0
       1
       0
       0
       1
       1
       0
       1
       1
       0
       0
       0
       1
       0
       0
       2
       2
       2
       0
       0
       1
       0
       2
       2
       0
       3
       2
       0
       0
       0
       0
       2
       0
       0
       0
       0
       1
       0
       1
       0
       1
       0
       0
       3
       1
       2
       0
       1
       1
       0
       0
       0
       0
       1
       1
       0
       0
       1
       2
       0
       0
       0
       1
       0
       0
       1
       1
       2
       0
       0
       0
       0
       2
       0
       1
       0
       0
       1
       0
       0
       0
       2
       1
       0
       1
       0
       0
       0
       0
       0
       0
       0
       0
       0
       1
       1
       0
       0
       1
       0
       1
       1
       0
       0
       0
       0
       0
       3
       0
       1
       0
       0
       0
       1
       0
       1
       0
       1
       1
       0
       0
       0
       0
       0
       1
       0
       0
       1
       1
       0
       1
       1
       1
       1
       0
       1
       2
       0
       0
       0
       1
       0
       1
       0
       0
       0
       3
       1
       0
       1
       0
       0
       1
       0
       0
       0
       0
       0
       0
       0
       0
       1
       0
       0
       0
       0
       0
       0
       1
       0
       1
       0
       0
       1
       0
       0
       1
       1
       0
       0
       0
       1
       0
       0
       1
       0
       0
       0
       0
       0
       0
       0
       0
       0
       0
       1
       1
       0
       0
       0
       0
       0
       0
       0
       0
       0
       0
       0
       0
       1
       0
       0
       0
       0
       0
       1
       0
       0
       2
       0
       1
       1
       0
       1
       2
       0
       0
       0
       0
       0
       0
       0
       0
       0
       0
       0
       0
       0
       1
       1
       1
       0
       0
       0
       0
       0
       1
       0
       0
       0
       1
       0
       0
       0
       2
       0
       1
       0
       0
       2
       1
       0
       0
       1
       0
       0
       0
       1
       0
       0
       1
       0
       0
       0
       2
       1
       1
       1
       0
       0
       1
       0
       1
       2
       1
       0
       0
       0
       0
       1
       1
       0
       0
       1
       0
       0
       0
       1
       0
       0
       0
       1
       1
       1
       1
       2
       0
       0
       0
       1
       0
       0
       0
       0
       0
       1
       2
       0
       0
       0
       0
       0
       0
       1
       0
       0
       0
       1
       2
       0
       0
       0
       0
       1
       0
       0
       1
       0
       1
       0
       2
       0
       0
       0
       0
       0
       0
       1
       0
       0
       0
       1
       1
       2
       0
       0
       0
       0
       1
       0
       1
       1
       0
       1
       0
       0
       1
       0
       0
       0
       2
       0
       1
       0
       0
       0
       0
       1
       0
       0
       0
       0
       1
       1
       0
       0
       0
       1
       0
       1
       0
       1
       0
       0
       1
       0
       1
       1
       1
       0
       2
       1
       1
       0
       0
       1
       0
       1
       0
       0
       2
       0
       0
       0
       1
       1
       0
       1
       2
       0
       0
       1
       0
       0
       1
       1
       0
       0
       0
       0
       0
       0
       0
       0
       0
       1
       1
       0
       2
       1
       0
       0
       0
       0
       0
       1
       0
       0
       0
       0
       1
       0
       0
       0
       0
       0
       0
       2
       0
       0
       1
       0
       0
       0
       1
       0
       0
       0
       0
       2
       0
       0
       1
       0
       0
       0
       0
       1
       0
       0
       0
       1
       0
       0
       0
       0
       0
       0
       0
       0
       0
       1
       0
       0
       0
       0
       2
       1
       1
       1
       1
       0
       3
       0
       1
       0
       0
       0
       0
       0
       0
       0
       0
       0
       0
       0
       0
       0
       0
       0
       0
       0
       0
       0
       0
       0
       0
       0
       0
       0
       0
       0
       0
       0
       0
       0
       0
       0
       0
       0
       0
$ROI:
6
67 116
196 256
297 368
871 937
1189 1365
1529 1730
$PRESETS:
None
0
0
$ENER_FIT:
-0.231476 0.346771
$MCA_CAL:
3
-2.314757E-001 3.467707E-001 5.144805E-005 keV
$SHAPE_CAL:
3
1.165611E+001 9.210392E-002 -6.085550E-005
