$SPEC_ID:
No sample description was entered.
$SPEC_REM:
DET# 1
DETDESC# FSGUNIV-O93LS3D Easy-MCA-8k SN 17088661
AP# Maestro Version 7.01
$DATE_MEA:
03/11/2024 10:22:28
$MEAS_TIM:
627 629
$DATA:
0 2047
       0
       0
       0
       0
       0
       0
       0
       0
       0
       0
       0
       0
       0
       0
       0
       0
       0
       0
       0
       0
       0
       0
       0
       0
       0
       0
       0
       0
       0
       0
       0
       0
       0
       0
       0
       0
       0
       0
       0
       0
       8
       6
       6
       6
       4
       4
       4
       7
       5
       6
       7
      11
       7
       3
       4
       8
      11
       8
       6
       7
      10
       4
       6
       5
       6
       5
       3
       7
       7
       9
      12
       6
       9
       6
       9
       2
       8
       2
       7
       5
      10
       6
       6
       6
       8
       5
       1
      10
       6
       4
       8
       3
       5
       8
       7
       7
       4
       8
       8
       7
       9
       6
       7
       6
       7
       8
       4
       5
       9
       6
       7
       7
       7
       9
       7
       7
       4
       8
      14
       4
       6
       7
       9
      11
      12
      14
       7
       8
      16
      10
       8
       9
      12
       6
       5
       6
       5
       4
       6
      11
       6
       8
       8
       8
       2
       8
      10
       7
       3
       7
      11
       6
       5
      12
      19
       6
      10
       6
       9
       5
       8
       4
       9
       6
      11
      11
       7
       7
       4
       7
      12
       8
       9
      16
       5
       9
      14
      11
      11
       7
      14
      10
      15
      11
      11
       6
      10
      13
      12
       9
       9
      11
       7
       8
       9
      16
      10
      21
      15
      19
      20
      21
      16
      18
      13
      16
      15
      19
      23
      14
      12
      15
      19
      20
      13
      18
      25
      21
      13
      17
       9
      20
      15
      25
      25
      17
      12
      13
      17
      19
      16
      19
      13
      13
      14
      14
      14
      13
      14
      13
      12
      17
      15
      12
      20
      14
      16
      13
      14
      14
      12
      15
      15
      17
      11
      17
      12
      10
      14
      19
      19
      21
      15
      12
      23
      13
      22
      10
      21
      17
      20
      12
      10
       9
      12
      13
      16
      13
      13
       8
      16
      13
      15
      16
      25
      19
      12
       5
      18
      27
       6
      17
      16
      14
      18
       8
      21
      15
      17
      11
      21
      15
      20
       8
      18
      14
      22
      13
      20
      14
      16
      18
      15
      20
      17
      13
      18
      22
      14
      21
      18
      20
      18
      17
      13
      20
      19
      16
      19
      12
      22
      21
      14
      20
      19
      12
      19
      13
      23
      18
      25
      23
      23
      17
      23
      26
      26
      31
      28
      16
      23
      21
      18
      32
      20
      29
      19
      29
      18
      23
      19
      20
      27
      23
      26
      16
      24
      30
      25
      27
      22
      26
      19
      15
      20
      26
      22
      24
      26
      20
      22
      19
      19
      26
      18
      23
      15
      22
      20
      22
      27
      20
      30
      23
      19
      18
      20
      16
      19
      20
      16
      21
      20
      22
      28
      31
      31
      18
      18
      20
      32
      18
      11
      25
      12
      26
      17
      22
      17
      17
      21
      35
      18
      19
      18
      21
      19
      21
      22
      18
      19
      22
      25
      18
      20
      26
      18
      20
      19
      16
      20
      22
      14
      11
      16
      23
      23
      24
      14
      16
      17
      17
      20
      17
      16
      13
      17
      13
      20
      18
      16
      17
      17
      18
      17
      18
      13
      16
      21
      25
      18
      18
      14
      17
      15
      14
      25
      17
      12
      12
      12
      20
      15
      10
      15
      14
      10
      12
      23
      12
      11
       9
      23
      20
      22
      18
      17
      18
      11
      11
      12
      16
      17
      14
      12
      18
      16
       9
      12
      12
      16
      17
      18
      17
      22
      22
      16
      18
      17
      18
      11
      16
      23
      13
      13
      24
      11
      14
       8
      12
      13
      23
       9
      19
      15
      14
      16
      11
      10
      12
      14
      15
      13
      10
      13
      16
      11
      11
      16
      18
      18
      20
      14
       9
      18
      19
      15
      12
      13
      12
      10
      15
      16
      21
       9
      11
      11
      15
       6
      16
      12
       9
      18
      19
      20
      16
      18
      15
      23
      16
      16
      15
      18
      14
      19
      18
      23
      18
      22
      17
      14
      18
      17
      23
      20
      15
      13
      18
      13
      18
      15
      12
      18
      18
      11
      19
      13
      16
      19
      13
      14
      16
      12
      11
      19
      14
      15
      20
      15
      14
      15
      15
      14
      16
      19
      17
      12
      20
      19
      13
      29
      22
      16
      19
      17
      15
      13
      14
      14
      16
      13
      29
      14
      17
      33
      15
      18
      24
      24
      18
      22
      14
      16
      20
      28
      27
      35
      25
      31
      31
      22
      24
      30
      27
      19
      35
      29
      21
      31
      35
      36
      36
      30
      34
      37
      34
      34
      27
      46
      36
      31
      32
      35
      45
      35
      51
      44
      50
      65
      43
      36
      46
      48
      49
      48
      51
      40
      54
      67
      56
      65
      50
      69
      73
      51
      68
      58
      55
      55
      64
      70
      78
      65
      67
      68
      82
      70
      74
      65
      85
      73
      80
      92
      72
      80
      77
      84
      93
      77
      95
      68
      87
      84
      99
      85
      77
      76
      79
      94
      87
      90
     104
      93
      90
      91
      99
      93
     102
     108
      94
      71
      92
      99
      98
      89
      99
      87
      93
      84
     110
      85
     111
      95
      86
      84
      94
      87
      95
      84
      82
      90
      98
     106
      86
      79
      76
      71
      85
      81
      87
      81
      77
      60
      81
      68
      61
      69
      90
      84
      74
      50
      63
      65
      66
      77
      64
      64
      63
      64
      76
      53
      52
      43
      53
      47
      58
      39
      42
      29
      59
      43
      40
      35
      35
      36
      50
      36
      42
      42
      42
      47
      34
      30
      43
      44
      32
      34
      28
      38
      26
      30
      32
      39
      27
      25
      30
      30
      25
      29
      31
      21
      23
      24
      22
      25
      28
      19
      22
      18
      23
      17
      20
       8
      19
      17
      13
      13
      10
      12
      14
      15
      19
      17
      14
      14
      19
       9
      17
      14
      12
      12
       6
      10
      12
      10
       8
       9
      10
      16
       9
       6
      11
      11
       5
       8
      14
       9
       5
      11
       7
      12
       9
      10
       6
       9
       9
       9
      12
      10
       4
       9
       6
       8
       7
       4
      10
       4
       5
       3
       7
       5
       9
       3
       6
       6
       7
       5
       8
       4
       9
       6
       6
       4
       9
       3
       4
       8
       6
       4
       5
       6
       6
       4
       6
       2
       5
       4
       2
       6
       4
       2
       5
       5
       2
       8
       2
      10
       3
       4
       1
       4
       3
       3
       2
       7
       8
       4
       4
       2
       1
       0
       6
       3
       2
       5
       3
       1
       6
       4
       4
       3
       2
       3
       4
       1
       2
       4
       3
       5
       2
       4
       2
       7
       6
       0
       3
       1
       2
       2
       5
       2
       3
       4
       5
       0
       3
       3
       2
       1
       2
       1
       2
       1
       5
       3
       1
       5
       1
       2
       0
       1
       1
       1
       2
       3
       3
       1
       1
       2
       2
       1
       2
       4
       2
       1
       0
       2
       1
       1
       5
       2
       3
       1
       1
       3
       4
       3
       2
       4
       3
       1
       6
       3
       1
       1
       0
       4
       2
       0
       3
       1
       0
       3
       1
       2
       3
       0
       1
       3
       5
       3
       0
       0
       2
       3
       3
       1
       1
       2
       3
       1
       0
       1
       1
       1
       1
       0
       0
       2
       0
       1
       0
       2
       1
       0
       2
       1
       3
       3
       2
       1
       3
       0
       2
       2
       1
       1
       1
       4
       2
       0
       0
       2
       0
       0
       1
       1
       1
       2
       0
       2
       2
       0
       7
       0
       2
       0
       1
       2
       3
       1
       1
       1
       1
       1
       2
       1
       0
       0
       3
       2
       3
       0
       0
       2
       1
       1
       2
       0
       1
       1
       0
       3
       2
       5
       0
       0
       0
       3
       0
       1
       1
       0
       1
       0
       1
       2
       2
       1
       1
       1
       1
       1
       1
       1
       2
       1
       2
       1
       1
       1
       0
       3
       1
       0
       2
       1
       0
       0
       2
       1
       0
       0
       0
       0
       1
       0
       0
       1
       0
       2
       1
       0
       0
       0
       0
       3
       2
       0
       1
       3
       2
       1
       1
       2
       4
       2
       2
       2
       0
       1
       0
       0
       1
       2
       1
       4
       2
       1
       2
       4
       1
       3
       0
       2
       0
       0
       0
       0
       1
       0
       2
       1
       2
       0
       0
       1
       0
       0
       0
       0
       1
       1
       2
       1
       1
       2
       2
       2
       1
       3
       0
       2
       0
       0
       2
       0
       1
       0
       2
       2
       0
       1
       1
       1
       1
       1
       0
       0
       3
       2
       0
       1
       3
       1
       3
       3
       0
       0
       2
       0
       1
       2
       1
       0
       1
       2
       5
       1
       1
       3
       1
       1
       2
       3
       3
       1
       2
       0
       0
       3
       1
       2
       0
       1
       0
       2
       0
       0
       3
       1
       1
       4
       4
       1
       0
       0
       0
       1
       1
       1
       0
       4
       2
       0
       0
       0
       2
       1
       1
       1
       2
       0
       1
       0
       1
       0
       1
       3
       0
       1
       1
       4
       0
       0
       0
       1
       1
       1
       1
       0
       1
       1
       0
       2
       2
       0
       1
       0
       1
       0
       1
       0
       0
       1
       1
       1
       3
       1
       1
       1
       0
       1
       0
       0
       1
       2
       3
       1
       1
       2
       1
       0
       0
       1
       3
       2
       2
       1
       0
       2
       1
       1
       0
       0
       1
       2
       2
       1
       0
       0
       0
       0
       1
       1
       2
       1
       0
       3
       0
       2
       1
       1
       3
       1
       2
       0
       1
       2
       1
       1
       0
       0
       1
       2
       2
       0
       0
       4
       1
       3
       0
       2
       0
       1
       1
       0
       2
       1
       1
       0
       1
       0
       3
       2
       2
       0
       0
       0
       3
       2
       1
       0
       1
       1
       0
       3
       0
       2
       0
       1
       2
       0
       1
       0
       1
       0
       0
       1
       0
       1
       2
       1
       1
       1
       2
       2
       0
       2
       2
       1
       1
       2
       0
       0
       3
       2
       1
       2
       1
       1
       0
       2
       2
       0
       0
       2
       0
       1
       1
       0
       0
       1
       0
       2
       1
       1
       0
       0
       0
       1
       0
       0
       0
       2
       3
       0
       0
       1
       0
       1
       2
       1
       0
       0
       0
       0
       2
       0
       1
       0
       1
       0
       5
       1
       1
       0
       1
       0
       1
       0
       2
       0
       0
       0
       0
       0
       1
       0
       1
       1
       0
       2
       2
       1
       0
       0
       0
       0
       1
       1
       1
       0
       1
       3
       2
       3
       3
       1
       0
       0
       4
       0
       4
       1
       0
       3
       0
       0
       0
       2
       0
       0
       1
       0
       0
       1
       2
       0
       1
       0
       0
       1
       1
       2
       2
       0
       2
       1
       3
       0
       0
       1
       1
       1
       1
       1
       1
       0
       4
       2
       0
       1
       0
       0
       0
       0
       0
       0
       0
       0
       1
       1
       2
       1
       0
       0
       3
       1
       1
       0
       0
       0
       1
       1
       1
       1
       1
       1
       1
       0
       0
       1
       0
       2
       3
       0
       0
       0
       0
       1
       1
       0
       1
       2
       0
       0
       0
       1
       0
       1
       0
       0
       2
       1
       0
       2
       1
       1
       0
       3
       1
       0
       1
       1
       0
       1
       0
       1
       0
       0
       0
       0
       2
       1
       0
       0
       3
       0
       2
       0
       1
       0
       0
       0
       0
       0
       2
       0
       0
       0
       1
       0
       1
       0
       2
       1
       0
       3
       0
       1
       3
       0
       1
       0
       0
       0
       0
       1
       1
       0
       1
       0
       1
       0
       0
       0
       1
       3
       2
       0
       1
       2
       2
       0
       1
       0
       1
       1
       1
       1
       1
       2
       0
       0
       0
       0
       1
       3
       3
       1
       0
       0
       0
       0
       3
       1
       1
       1
       1
       2
       0
       0
       0
       0
       0
       0
       2
       0
       0
       1
       1
       2
       0
       0
       3
       0
       2
       3
       0
       0
       1
       1
       0
       0
       3
       0
       0
       0
       1
       0
       0
       0
       0
       1
       1
       2
       0
       0
       1
       0
       1
       0
       0
       0
       1
       1
       0
       0
       0
       1
       0
       2
       1
       0
       1
       1
       0
       1
       0
       0
       0
       0
       2
       0
       1
       1
       0
       0
       0
       0
       2
       1
       0
       1
       1
       0
       0
       0
       1
       0
       0
       0
       2
       0
       1
       0
       1
       1
       0
       1
       0
       0
       0
       0
       1
       0
       0
       0
       1
       0
       0
       2
       1
       1
       1
       2
       1
       0
       1
       1
       0
       0
       0
       0
       0
       0
       0
       0
       0
       1
       0
       0
       0
       1
       0
       1
       1
       0
       0
       0
       0
       0
       0
       1
       0
       1
       2
       1
       0
       0
       1
       0
       0
       1
       1
       0
       1
       0
       1
       0
       1
       0
       0
       1
       0
       0
       1
       1
       0
       0
       0
       0
       0
       2
       1
       1
       1
       0
       0
       1
       0
       0
       0
       0
       2
       0
       2
       0
       0
       1
       0
       1
       0
       0
       1
       0
       0
       2
       0
       1
       0
       0
       0
       1
       1
       1
       0
       1
       1
       0
       0
       1
       1
       0
       0
       0
       0
       0
       0
       0
       0
       0
       0
       1
       1
       0
       2
       0
       2
       1
       0
       1
       0
       2
       1
       1
       3
       0
       1
       0
       0
       1
       1
       0
       0
       0
       2
       1
       0
       0
       2
       2
       1
       0
       1
       0
       0
       3
       0
       0
       0
       0
       0
       0
       2
       0
       0
       0
       0
       0
       0
       0
       0
       0
       0
       0
       0
       0
       0
       0
       0
       0
       0
       0
       0
       0
       0
       0
       0
       0
       0
       0
       0
       0
       0
       0
       0
$ROI:
6
67 116
196 256
297 368
871 937
1189 1365
1529 1730
$PRESETS:
None
0
0
$ENER_FIT:
-0.231476 0.346771
$MCA_CAL:
3
-2.314757E-001 3.467707E-001 5.144805E-005 keV
$SHAPE_CAL:
3
1.165611E+001 9.210392E-002 -6.085550E-005
