$SPEC_ID:
No sample description was entered.
$SPEC_REM:
DET# 1
DETDESC# FSGUNIV-O93LS3D Easy-MCA-8k SN 17088661
AP# Maestro Version 7.01
$DATE_MEA:
03/11/2024 11:41:31
$MEAS_TIM:
646 648
$DATA:
0 2047
       0
       0
       0
       0
       0
       0
       0
       0
       0
       0
       0
       0
       0
       0
       0
       0
       0
       0
       0
       0
       0
       0
       0
       0
       0
       0
       0
       0
       0
       0
       0
       0
       0
       0
       0
       0
       0
       0
       0
       0
       7
       9
      13
      17
       6
      14
      18
      10
      13
      14
      12
       7
      16
      16
      10
      10
       7
       9
       4
       7
      14
      11
      16
      11
       7
       7
      15
      14
      10
       9
      14
      22
      12
      13
      14
      15
      16
      12
       9
      15
      17
      16
       6
       8
       9
       9
      19
      12
      12
      16
      16
      13
       9
      16
      10
       9
      13
      11
       9
      15
      13
      11
      11
      23
       9
      10
      21
      17
      18
      15
      13
      20
      14
      18
      17
      16
      22
      14
      18
      22
      14
      21
      12
      10
      14
      13
      18
      14
      18
      15
      15
      16
       7
      13
      18
      18
      12
       9
      10
      15
      13
      17
      13
      16
      13
      14
      14
      17
      14
      15
      15
      16
      19
       9
      17
      10
      13
      16
      18
      14
      11
      17
      16
      17
      18
      17
       8
      14
       5
       9
      13
      10
      14
      10
      10
      18
      15
      22
      19
      21
      11
      28
      18
      17
      19
      15
      16
      23
      18
      16
      16
      23
      28
      33
      36
      24
      21
      23
      35
      29
      37
      36
      36
      36
      35
      39
      37
      38
      38
      46
      27
      49
      45
      30
      38
      39
      36
      53
      40
      39
      32
      25
      39
      26
      27
      30
      41
      25
      23
      33
      32
      24
      22
      24
      21
      22
      19
      27
      27
      18
      15
      22
      24
      31
      21
      26
      19
      21
      14
      24
      21
      20
      19
      27
      16
      23
      20
      20
      13
      12
      13
      16
      14
      13
      21
      12
      10
      16
      10
      18
      22
      10
      10
      18
      14
      13
       9
      16
      12
      16
      10
      14
      11
      10
      15
      11
      13
      23
      12
       9
      19
      11
      15
       6
      22
      13
       9
      15
      12
      13
      15
      12
      21
      24
      17
      17
      13
      11
      18
      16
      18
      14
      13
       6
      12
      21
      23
      21
       9
      16
      13
       8
      14
      16
      16
      19
      12
      16
      14
      16
      22
      16
       8
      14
      14
      24
      22
       6
      11
      21
      11
      11
      17
      14
      12
      15
      19
      12
      11
      14
      12
      12
      18
      17
      10
      16
      16
      12
      12
      17
      13
      16
      13
      14
      16
      17
      13
       7
      15
      15
      19
      18
      12
       9
      23
      11
      20
      12
      16
      12
      16
      16
      10
      16
       8
      14
      17
      23
      10
      19
      18
      19
      17
       7
      17
      15
      21
      16
      17
      15
      11
      17
      10
      18
      10
       9
      16
      18
      12
      19
      20
      17
      12
      17
      14
      17
      17
      15
      13
      17
      19
      11
      17
      10
      20
      15
      13
      11
      15
      22
      15
      11
      12
       9
      15
      20
      14
      15
      23
      23
      16
      17
      17
      17
      18
      14
      19
       9
      20
      19
      19
      19
      11
      16
      11
      14
      15
      24
      19
      17
      23
      18
      17
      15
      19
      20
      25
      16
      17
      14
      16
      14
      24
      19
      23
      14
      14
      23
      23
      14
      18
      19
      16
      22
      22
      17
      16
      18
      17
      22
      15
      17
      18
      16
      18
      33
      28
      18
      28
      15
      27
      21
      21
      24
      18
      14
      18
      19
      13
      23
      21
      18
      24
      21
      17
       9
      17
      16
      18
      20
      21
      15
      21
      21
      18
      19
      18
      11
      20
      21
      19
      29
      23
      24
      25
      22
      23
      18
      23
      15
      13
      12
      17
      25
      17
      21
      17
      15
      14
      23
      17
      18
      13
      15
      17
      18
      16
      22
      25
      13
      15
      21
      17
      15
      13
      18
      21
      12
      15
      14
      20
      19
      13
      18
      17
      24
      15
      19
      18
      16
      15
      14
      18
      11
       7
      18
      13
      20
      14
      21
      14
      18
      16
      11
      16
       8
      21
      16
      20
      11
      14
      15
      12
      16
      17
      19
      16
      15
      18
       8
      14
       9
      14
      19
      13
      10
      10
      21
      17
      13
      23
      22
      18
      30
      19
      17
      15
      23
      12
      26
      13
      16
      16
      13
      10
      27
      14
      20
      14
      16
      18
      10
      15
      18
      13
      10
       9
      14
       8
      12
      15
      15
      18
      11
      19
      10
      21
      14
      14
      20
      16
      14
      13
      21
      17
      22
      17
      12
      18
      15
      10
      12
      11
      21
      17
      10
      17
      21
      14
      12
      13
      10
      15
      13
      10
      10
      20
      20
      15
      17
      13
      16
      15
      22
      13
      15
      16
      18
      15
      16
       6
      19
      13
      17
       6
      14
      21
      15
      15
      19
      16
      21
      16
      11
      12
      16
      12
      12
      13
      15
      13
      14
      15
      21
      17
      15
      17
      13
      16
      10
      15
      13
      14
      11
      10
      12
      17
       9
      21
      13
       9
      13
      15
       9
      11
      18
       9
      15
      10
       9
      13
      14
      13
      14
      16
      17
      10
       9
      10
      13
      16
      15
      12
       9
      13
       8
      14
      11
      12
      17
      13
       6
       8
      14
      10
      12
      14
      10
      14
       9
      12
      12
      10
      12
      12
      13
      10
      14
      11
      13
      12
      12
      15
      12
      16
      10
      13
       6
      15
      12
      14
      10
      12
      12
      14
      13
      12
      16
      13
      12
       7
      17
      18
      10
      20
      16
      17
      13
       5
      12
      14
      18
      15
      15
      16
      13
       4
      14
      11
      15
      17
      13
      14
      18
      16
      17
      12
      13
      13
      16
      14
      18
      11
      11
       9
       7
      11
      16
      21
       8
      11
      16
      11
      14
       9
      14
      14
      15
      16
       9
      18
      10
      11
      12
      21
      14
      11
       4
      15
      17
      13
      11
      14
      14
      14
      13
      11
      10
       9
      14
      14
       7
      14
      14
      15
      17
      18
      13
      10
      13
       7
       9
      12
      15
      12
      14
      16
      15
       8
       9
      14
      11
      15
      15
      13
      13
       6
      17
       8
      13
      17
      16
       9
      16
      11
      14
      12
       6
      11
      14
      10
      11
      22
       7
       4
      13
       9
       9
      13
       5
      14
       9
      16
       9
      16
      21
      17
      21
      14
      16
      12
      15
      12
      14
      18
       9
      15
       8
      14
      17
      16
      16
       6
      11
      17
      15
      17
      10
      19
       7
      14
      16
      12
      11
      11
       9
      14
      10
      20
       9
      11
      15
      14
      19
      19
      10
      12
      14
      15
      11
      10
      14
      10
      13
       6
      14
      17
      11
      17
      21
      11
      18
      10
      17
       7
      14
      20
      15
      14
       9
      11
      14
      14
      10
      14
      15
      14
       8
      20
      11
       8
      10
      12
       7
       8
      11
       9
      11
      15
      13
      13
      13
      20
       9
      15
      12
      10
       7
      16
      11
      18
       9
      17
      12
      14
      14
      14
      12
      20
      16
      12
      17
      13
       7
      15
      17
      18
       8
      16
      11
      18
      12
      12
      10
       9
      22
       6
      13
      16
      11
      11
      12
      11
      16
      15
      13
      15
       9
      19
      13
      18
      13
      14
      17
      17
      13
      10
      17
      16
      14
      11
      14
      13
      12
      11
      11
       9
      20
      14
      14
      13
      14
      16
      17
      10
      13
      14
      11
      17
      14
       9
      14
      16
      11
      13
       8
      16
      15
      12
      14
      18
      10
      11
       8
      10
      13
      10
       6
      18
      14
      10
      19
      12
      20
      14
      11
      14
      14
      18
      16
       9
      10
       9
      19
      11
       8
      13
      16
      11
      12
      14
      14
       8
      19
      11
      12
      13
      13
      19
      14
      16
       8
       7
      11
      20
      15
      12
       8
       8
      14
      11
       9
       9
      12
       9
      17
       8
      19
      16
      12
      11
      18
       7
      14
      13
      15
      10
       9
      15
      15
      10
       7
       9
       9
      14
      12
      12
      14
      15
       9
      18
      13
      15
       5
       7
       6
      13
       5
      18
       9
      13
      12
      13
      14
      17
      18
      14
      13
      12
      14
      12
      11
       6
      13
      10
      10
      18
      10
      11
       7
      14
      10
      16
       9
      11
       9
      15
      12
      10
       9
      13
       5
       7
      19
       8
      12
       5
      11
       7
      11
       9
       7
       7
       8
      11
      15
      10
      13
      14
      10
      19
      11
       7
       8
       6
      13
       9
      14
      11
      14
      10
       8
      11
      14
       7
      11
       8
      13
      16
      16
       8
      14
      16
      16
      11
      10
       8
      10
      10
      12
      10
      11
      11
       8
       9
      10
      12
      12
       9
       9
      14
      15
      16
       5
      11
      11
      16
       4
       9
       5
      12
      12
      10
       8
      10
       8
       9
      14
       7
       9
      15
      11
      10
       7
      11
      10
      13
      18
      12
       9
      10
       8
       9
      11
      14
      10
       9
      10
       9
       7
      10
      14
       6
      12
       7
      11
       8
      10
       9
       7
       7
      13
       8
       5
      16
       8
      11
       8
       5
      11
      13
      11
      11
       5
       9
       7
       8
      15
       8
      14
      14
       5
      10
      14
      15
      14
      10
      12
       7
      11
      10
      10
       8
      16
      10
      14
       9
      13
       9
      13
      11
       8
       7
      15
      10
      13
      17
       6
       9
       9
       9
      16
       9
       8
       8
      11
      10
      15
      15
      14
      11
      14
      11
      13
       7
       8
       7
      12
      10
       7
       7
       5
       9
      15
       8
       8
       6
       9
       8
      10
      11
      11
      10
      10
      13
      10
       7
       9
      19
      17
      11
      16
       9
       7
      13
      14
       9
       1
      15
      10
      11
      14
      10
       8
      11
      10
      16
      11
      13
      12
       8
      11
      14
      11
      11
      10
      13
       7
       7
      12
      11
       9
       7
       8
      11
       8
      12
      13
       6
      16
      13
      10
      20
       7
      12
      11
       8
       9
       6
      13
      10
      11
      17
       9
      12
      10
      11
      11
       7
      15
      18
      10
      14
      11
       7
       9
      12
       9
      13
      18
      13
       8
      19
      19
      12
       5
      16
      13
      12
      14
      11
      11
      13
       7
       7
      16
      15
      12
       8
      15
      13
      12
      13
       9
      11
      13
       9
       8
       9
      15
      19
      12
      15
      15
      18
      12
      12
      13
      14
       8
      13
      18
      21
      18
      11
      12
      11
      13
      25
      13
       6
      14
      17
      17
      10
      13
      14
      12
      10
      16
      13
      12
      14
      10
      12
      13
      12
      12
      16
      10
      16
      19
      18
      19
      16
       8
      20
      16
      14
      15
      18
      16
      20
      19
      20
      14
      21
      10
      10
      16
      23
      18
      26
      25
      19
      19
      20
      27
      19
      19
      21
      17
      22
      17
      15
      24
      19
      24
      23
      13
      22
      18
      11
      23
      23
      24
      23
      21
      29
      18
      30
      17
      20
      30
      25
      20
      28
      22
      21
      25
      23
      20
      16
      23
      24
      17
      22
      29
      15
      22
      29
      26
      30
      21
      24
      19
      23
      19
      28
      22
      24
      26
      23
      22
      14
      28
      24
      17
      14
      12
      16
      17
      29
      24
      25
      22
      10
      17
      19
      17
      14
      21
      14
       7
      14
      21
      16
      16
      15
      18
      21
      19
      16
      14
      18
       7
      13
      12
      12
      14
      13
      10
       9
      10
      10
      15
      16
       7
       9
       9
      13
       7
       8
       7
      16
       8
      11
       9
      10
       8
       9
       6
       9
       8
       7
       7
       7
       7
       7
       4
      10
       6
       4
       3
       5
       6
       2
       5
       3
       7
       4
       7
       3
       4
       8
       2
       4
       8
       7
       3
       6
       5
       2
       3
       3
       4
       2
       4
       5
       2
       2
       2
       2
       1
       4
       2
       1
       2
       0
       1
       0
       1
       2
       0
       1
       0
       0
       0
       1
       2
       3
       1
       1
       4
       2
       1
       2
       2
       1
       2
       1
       1
       0
       0
       0
       0
       0
       1
       0
       1
       1
       0
       0
       0
       1
       4
       0
       0
       1
       0
       0
       0
       0
       0
       1
       0
       0
       0
       0
       1
       1
       1
       1
       1
       0
       1
       1
       0
       0
       0
       1
       0
       0
       1
       1
       0
       1
       0
       1
       0
       0
       0
       2
       0
       1
       1
       0
       1
       0
       0
       0
       0
       3
       0
       0
       0
       2
       0
       1
       2
       0
       0
       1
       1
       0
       2
       0
       0
       0
       1
       0
       0
       0
       1
       1
       1
       0
       0
       1
       1
       0
       0
       2
       1
       0
       0
       2
       2
       0
       0
       2
       2
       0
       1
       1
       0
       0
       0
       1
       0
       0
       1
       2
       1
       0
       0
       0
       0
       1
       1
       0
       0
       1
       0
       2
       2
       2
       0
       0
       1
       0
       0
       0
       0
       1
       1
       2
       0
       0
       0
       2
       1
       0
       2
       0
       0
       1
       0
       1
       1
       1
       0
       0
       0
       0
       0
       0
       0
       1
       0
       1
       1
       1
       0
       0
       1
       0
       0
       1
       1
       0
       2
       0
       1
       0
       0
       1
       1
       3
       0
       1
       2
       0
       0
       0
       0
       1
       2
       0
       1
       1
       1
       1
       0
       1
       0
       1
       0
       1
       0
       0
       1
       0
       0
       0
       3
       0
       1
       0
       0
       0
       1
       0
       0
       1
       0
       3
       0
       2
       0
       1
       0
       0
       1
       0
       0
       1
       0
       2
       2
       1
       0
       1
       0
       0
       0
       0
       0
       0
       0
       0
       0
       0
       0
       0
       0
       0
       0
       0
       0
       0
       0
       0
       0
       0
       0
       0
       0
       0
       0
       0
       0
       0
       0
       0
       0
       0
       0
$ROI:
6
67 116
196 256
297 368
871 937
1189 1365
1529 1730
$PRESETS:
None
0
0
$ENER_FIT:
-0.231476 0.346771
$MCA_CAL:
3
-2.314757E-001 3.467707E-001 5.144805E-005 keV
$SHAPE_CAL:
3
1.165611E+001 9.210392E-002 -6.085550E-005
