$SPEC_ID:
No sample description was entered.
$SPEC_REM:
DET# 1
DETDESC# FSGUNIV-O93LS3D Easy-MCA-8k SN 17088661
AP# Maestro Version 7.01
$DATE_MEA:
03/18/2024 11:12:51
$MEAS_TIM:
1072 1200
$DATA:
0 4095
       0
       0
       0
       0
       0
       0
       0
       0
       0
       0
       0
       0
       0
       0
       0
       0
       0
       0
       0
       0
       0
       0
       0
       0
       0
       0
       0
       0
       0
       0
       0
       0
       0
       0
       0
       0
       0
       0
       0
       0
       0
       0
       0
       0
       0
       0
       0
       0
       0
       0
       0
       0
       0
       0
       0
       0
       0
       0
       0
       0
       0
       0
       0
       0
       0
       0
       0
       0
       0
       0
       0
       0
       0
       0
       0
       0
       0
       0
       0
       1
       3
      10
       6
      15
      10
       7
       6
       7
       8
       7
       9
       9
       3
       4
       6
       9
      10
       9
      12
       8
      13
       6
      11
      15
       7
       9
       9
       6
      10
       7
       7
       9
      10
       8
       7
      11
       6
      11
      11
      14
       7
       6
      14
       6
      11
       4
       8
       4
       7
       8
       4
      16
       9
       3
       3
       9
      10
       8
       6
       6
       8
       7
       8
       8
      15
       5
       6
      10
       8
       8
       9
       9
       4
      14
       7
       4
       9
       8
       4
       7
      11
      10
       9
      11
       7
       8
      11
       8
       9
       6
       7
       5
       7
      11
      13
       5
       6
       6
       4
      10
       7
       8
       4
      11
       7
       6
       4
       9
      11
       8
       5
       8
      10
       9
      12
       4
       6
      11
       2
       7
       7
       7
       5
      11
      16
       6
      10
       6
       9
       8
       6
      17
      11
      10
      12
      11
       5
       5
       9
      12
       7
       9
       7
      12
       8
       8
      13
      10
       8
       5
       6
       8
       9
       5
       4
      12
      16
       4
      11
      11
      14
       7
      11
      15
       7
      10
       5
       6
      14
       9
       9
      12
      14
       5
       8
      10
       9
      11
       8
       4
       7
       9
       8
       8
      11
       8
      11
      16
       7
       7
       7
       5
      14
       5
      12
       3
      10
      13
      13
      10
      22
       6
       4
       7
       9
      11
      10
      13
      20
       6
       9
       6
      10
      14
       9
       4
       6
       7
       6
       9
       8
       9
       6
      14
       6
       4
      10
       3
       8
      13
       9
      12
      11
       8
      11
      19
      13
      13
       8
       7
       9
      10
       5
       8
      14
      10
      10
      14
      16
      11
       9
       7
      14
       6
      13
       9
       5
      12
       8
      11
      14
      10
      10
      11
      11
      10
      14
       7
       9
       7
       9
       7
       9
      10
      16
      21
       7
      14
      10
       9
      12
      13
       8
       9
      14
      15
      15
      15
      22
      13
      13
      15
      17
      15
      15
      17
      10
       7
      10
       7
      16
      22
       8
      13
      12
      18
      11
      17
      12
      11
      14
      14
      12
      12
      11
      16
      25
      13
      12
      13
      18
      12
       9
      13
      11
      10
      14
      17
      13
      17
      14
      17
      15
      10
      16
      21
      22
      11
      16
      22
      19
      11
      10
      11
      18
      18
      10
      14
      16
      23
      16
      12
      20
      16
      20
      17
      12
      15
      16
      15
      17
      20
      13
      20
      13
      16
      15
      14
      21
      15
      22
      18
       8
      12
      17
      22
      20
      10
      22
      14
       8
      14
      22
      19
      20
      11
      14
      14
      16
      21
      10
      13
      19
      15
      18
      19
      19
      17
       9
      15
      16
      15
      18
      21
       9
      13
      16
      20
      22
      11
      24
      10
      14
      19
      19
      19
      17
      22
      13
      14
      15
       9
      20
      18
      19
      20
      15
      21
      12
      15
      12
      13
      17
      21
      19
      10
      14
       8
      20
      13
      10
      22
      13
      14
      15
      14
      17
       9
      16
      16
      15
      12
      18
      18
      17
      13
      15
       9
      12
      12
       6
      12
      10
      12
      19
      15
      12
       9
      14
      12
      12
       9
      17
      12
      20
      11
      13
      13
      15
       9
      14
       8
      11
       9
      15
      11
      12
      20
      15
      13
      14
      18
      15
      13
      20
      12
      14
      17
      13
      10
      10
      15
      15
      15
      15
      13
      10
      10
       6
      18
      11
      12
      12
      13
      12
       9
      17
      16
      13
      17
      13
      15
      16
      15
      14
      19
      13
      20
      14
      18
       9
       9
       6
       7
       9
      10
      11
      18
      15
       8
      15
      17
      19
      17
      14
      13
      13
       9
      12
      12
      17
      18
      11
      23
       8
      11
      19
      15
       7
      11
      14
      16
      14
       9
      13
      15
      13
      12
      11
       8
      18
       9
      17
      17
      16
      24
      14
      13
      16
      19
      19
      12
      13
      13
      22
      16
      19
       9
      23
      12
      15
      16
      18
      17
      20
      16
      14
      13
       9
      13
      12
      15
       9
      24
      13
      12
      18
      18
      11
      12
      13
      19
      11
      15
      25
      12
      19
      20
      19
      27
      21
      18
      20
      15
      20
      15
      18
      22
      18
      15
      21
      22
      15
      15
      21
      15
      25
      14
      22
      18
      19
      20
      12
      17
      16
      24
      25
      12
      19
      20
      14
      18
      17
      20
      21
      23
      24
      18
      22
      19
      26
      25
      27
      24
       8
      14
      27
      15
      20
      26
      18
      29
      25
      24
      14
      19
      15
      19
      20
      25
      14
      19
      20
      13
      17
      21
      16
      22
      26
      21
      21
      33
      22
      23
      23
      20
      24
      19
      23
      19
      23
      23
      19
      24
      28
      14
      19
      24
      24
      19
      20
      21
      24
      23
      19
      26
      17
      21
      19
      26
      27
      18
      17
      25
      16
      23
      23
      17
      16
      19
      19
      26
      20
      30
      23
      23
      23
      20
      27
      22
      15
      27
      26
      17
      27
      17
      19
      17
      21
      24
      25
      19
      23
      25
      19
      17
      21
      18
      20
      21
      29
      20
      21
       9
      20
      12
      19
      14
      13
      21
      24
      24
      24
      18
      21
      16
      22
      26
      18
      24
      14
      21
      33
      21
      16
      20
      12
      21
      24
      11
      22
      12
      19
      25
      17
      16
      30
      11
      19
      17
      27
      21
      19
      24
      18
      15
      22
      27
      28
      25
      10
      22
      13
      12
      14
      21
      20
      17
      16
      11
      28
      19
      23
      21
      11
      18
      23
      17
      18
      18
      15
      28
      18
      13
      12
      18
      24
      22
      23
      14
      18
      17
      15
      10
      19
      19
      15
      16
      18
      16
      16
      18
      14
      17
      23
      17
      15
      21
      26
      19
      17
      19
      17
      21
      15
      22
      22
      12
      21
      10
      15
      15
      20
      29
      23
      24
      19
      20
      16
      16
      25
      12
      17
      23
      15
      21
      15
      17
      23
      19
      18
      13
      31
      14
      11
      15
      15
      14
      25
      17
      15
      18
      20
      15
      23
      18
      12
      19
      15
      22
      16
      18
      17
      17
      19
      11
      17
      13
      20
      13
      20
      18
      24
      20
       9
      20
      19
      18
      16
      16
       9
      23
      16
      23
      19
      13
      21
      21
      19
      23
      19
      17
      13
      20
      11
      15
      19
      23
      13
      14
      19
      17
      10
      15
      21
      24
      14
      11
      15
      14
      18
      19
      19
      15
      17
      15
      15
      14
      11
      18
      17
      14
      12
      19
      14
      14
      15
      19
      30
      17
      10
      13
      16
      15
      23
      20
       8
      12
      13
      16
      20
      17
      11
      20
      12
      12
      24
      15
      17
      18
      19
      17
      18
      22
      18
      20
      19
      19
      13
      15
      14
      12
      16
      11
      19
      15
      17
      16
      16
      18
      22
      18
      18
      21
      12
      15
      18
      17
      11
      17
       8
      24
      15
      13
      13
      15
      20
      14
      19
      19
      11
      21
      18
      20
      32
      16
       9
       9
      20
      15
      19
      19
       9
      16
      12
      14
      16
      13
      14
      13
      12
      17
      21
      13
      13
      11
      18
      16
      26
      10
      24
      14
      23
      13
      16
      16
      14
      22
      12
      10
      12
      19
      14
      11
      18
      16
      17
      16
      15
      12
       8
      14
      12
      20
      16
      20
      16
      13
      12
      11
      16
      16
      18
      19
      24
      15
      16
      19
      15
      16
      20
      15
      20
      20
      18
      10
       9
      22
      22
      13
      20
      12
       9
      11
      14
      11
      11
      11
      12
      11
      20
      14
      18
      21
      15
      19
      11
      14
      16
      12
      19
      15
      10
      14
      19
      11
      15
      19
      13
      22
      19
      15
      13
      17
      23
      15
      17
      12
      18
      22
      10
      17
      12
      21
      20
      17
      12
      16
      14
      13
      21
      19
      13
      22
      11
      19
      20
      22
      18
      12
      23
      26
      12
      22
      18
      12
      11
      20
      20
      17
      24
      21
      16
      13
      14
      19
      21
      18
      18
      11
      16
      12
      25
      24
      19
      18
      13
      20
      18
      22
      23
      20
      15
      14
      12
      19
      15
      11
      19
      17
      21
      19
      22
      12
      12
      24
      18
      12
      22
      20
      21
      23
      26
      26
      23
      17
      25
      20
      30
      19
      25
      14
      16
      29
      18
      26
      16
      27
      30
      23
      29
      23
      21
      21
      21
      16
      25
      20
      24
      15
      17
      22
      18
      24
      18
      17
      19
      22
      21
      24
      23
      24
      24
      25
      22
      28
      25
      25
      22
      16
      32
      28
      23
      25
      24
      22
      27
      20
      26
      23
      29
      30
      26
      31
      28
      27
      39
      35
      29
      24
      28
      29
      26
      31
      26
      30
      30
      25
      23
      24
      27
      28
      31
      28
      33
      24
      29
      28
      35
      33
      33
      36
      23
      34
      41
      38
      34
      27
      26
      28
      33
      26
      33
      28
      34
      26
      35
      34
      29
      31
      28
      34
      40
      38
      30
      42
      35
      47
      42
      40
      33
      44
      47
      44
      33
      44
      44
      45
      38
      34
      39
      35
      29
      40
      32
      36
      46
      48
      52
      46
      35
      38
      38
      45
      44
      40
      40
      49
      40
      42
      46
      44
      40
      40
      35
      33
      36
      41
      49
      51
      46
      53
      50
      43
      50
      46
      57
      48
      52
      52
      54
      53
      40
      51
      40
      45
      46
      57
      60
      47
      54
      52
      47
      57
      52
      61
      47
      49
      53
      49
      60
      58
      72
      49
      50
      50
      56
      61
      59
      56
      53
      75
      48
      71
      50
      57
      65
      56
      53
      57
      57
      52
      53
      60
      55
      60
      54
      45
      60
      56
      72
      58
      61
      46
      58
      62
      70
      56
      65
      59
      59
      66
      50
      58
      65
      73
      71
      80
      63
      83
      62
      67
      72
      51
      63
      64
      60
      69
      62
      58
      48
      68
      61
      71
      67
      66
      47
      73
      70
      64
      77
      77
      80
      56
      68
      59
      56
      71
      79
      67
      74
      88
      69
      68
      84
      65
      60
      69
      70
      68
      74
      76
      69
      68
      79
      63
      84
      59
      73
      67
      59
      88
      70
      67
      52
      74
      71
      78
      63
      80
      73
      64
      78
      75
      70
      63
      67
      60
      61
      72
      64
      76
      64
      69
      81
      67
      95
      62
      58
      84
      79
      81
      66
      82
      61
      65
      59
      95
      78
      73
      62
      63
      77
      64
      82
      70
      67
      68
      68
      83
      73
      70
      81
      80
      73
      78
      81
      72
      71
      68
      69
      69
      58
      65
      82
      82
      70
      68
      57
      81
      67
      57
      65
      76
      61
      77
      86
      58
      74
      62
      73
      65
      82
      71
      78
      84
      69
      64
      57
      54
      73
      54
      85
      76
      59
      61
      66
      68
      72
      53
      87
      51
      78
      65
      64
      75
      57
      59
      64
      60
      68
      67
      72
      54
      55
      68
      68
      59
      60
      55
      64
      56
      66
      53
      48
      67
      70
      65
      50
      73
      47
      51
      61
      63
      52
      63
      56
      51
      62
      48
      66
      58
      61
      55
      62
      59
      55
      68
      44
      47
      55
      59
      61
      62
      52
      53
      49
      62
      62
      58
      60
      69
      52
      46
      49
      56
      41
      59
      49
      53
      50
      51
      44
      43
      49
      59
      55
      34
      45
      49
      50
      44
      46
      47
      52
      54
      42
      61
      40
      40
      48
      31
      54
      47
      50
      54
      44
      64
      38
      49
      40
      45
      44
      55
      40
      47
      44
      41
      42
      38
      42
      44
      46
      36
      47
      44
      46
      42
      36
      49
      32
      31
      39
      33
      42
      33
      39
      40
      27
      40
      30
      34
      45
      35
      38
      44
      47
      40
      46
      36
      42
      32
      37
      36
      21
      33
      38
      36
      32
      34
      36
      36
      31
      36
      29
      33
      32
      37
      32
      27
      39
      26
      35
      39
      24
      36
      25
      25
      22
      29
      32
      28
      21
      30
      29
      27
      28
      39
      35
      29
      26
      27
      20
      33
      26
      21
      34
      15
      24
      40
      23
      24
      29
      22
      28
      29
      32
      10
      22
      23
      32
      19
      20
      27
      23
      23
      16
      26
      18
      28
      18
      29
      21
      19
      28
      17
      23
      18
      22
      24
      13
      21
      22
      20
      25
      11
      11
      15
      19
      19
      29
      19
      22
      17
      23
      15
      16
      18
      13
      16
      21
      18
      18
      18
      12
       8
      13
      17
      14
      11
      19
      12
      19
      17
      10
      15
      11
      15
      16
      16
      14
      12
      13
      15
      12
      17
      15
      12
      10
      14
       9
      16
      10
      12
      11
      19
      16
      11
      10
      12
      12
      14
      12
       6
      13
      14
      11
      10
      11
      11
      17
      12
      14
       7
       9
      12
      12
       8
       8
       8
       6
      11
       7
       1
       9
       4
      13
       7
       9
       5
       4
       9
       7
       9
       3
       0
      10
      12
       9
       6
       8
       9
      12
       9
      12
       7
       9
      10
       6
       6
       9
      10
       6
       8
       5
       6
       8
       7
       5
       6
       4
      10
       6
       7
       7
       8
       8
       8
      11
       8
       7
       9
      13
       3
       6
      13
       9
       4
      10
      11
       5
      10
       6
       1
      11
       5
       5
       6
       7
       3
       6
      10
       6
       6
       6
       9
       6
       5
       6
       4
       0
      10
       3
       7
       6
      11
       9
       8
       6
       4
       3
       5
       4
       4
       9
       2
       2
       9
       5
       5
       6
       5
       2
       4
       3
       3
       6
       6
       4
       4
       3
       3
       6
       6
       6
       5
       2
       5
       4
       3
       3
       5
       2
       3
       3
       2
       3
       5
       3
       5
       5
       6
       2
       7
       4
       2
       7
       2
       4
       5
       5
       3
       1
       1
       2
       4
       3
       7
       4
       2
       4
       0
       3
       4
       2
       0
       2
       2
       2
       2
       3
       4
       5
       5
       4
       2
       5
       5
       1
       7
       0
       0
       1
       1
       4
       3
       3
       5
       2
       3
       2
       3
       2
       1
       3
       3
       2
       5
       4
       3
       2
       2
       0
       3
       2
       4
       0
       1
       3
       0
       1
       2
       3
       1
       3
       3
       2
       1
       1
       2
       1
       2
       2
       3
       0
       3
       2
       3
       0
       1
       4
       1
       3
       0
       2
       1
       2
       1
       2
       0
       2
       0
       1
       4
       1
       2
       0
       1
       3
       3
       1
       5
       1
       1
       0
       3
       3
       3
       1
       3
       2
       5
       3
       2
       2
       2
       1
       1
       1
       3
       0
       0
       3
       1
       3
       2
       0
       5
       0
       2
       2
       2
       2
       4
       2
       0
       0
       0
       3
       4
       2
       2
       2
       2
       1
       3
       3
       2
       0
       1
       2
       1
       1
       2
       2
       1
       2
       0
       0
       2
       2
       0
       1
       2
       2
       1
       1
       0
       3
       1
       1
       0
       1
       2
       1
       1
       3
       0
       0
       3
       0
       4
       4
       1
       0
       2
       1
       0
       0
       1
       0
       1
       3
       0
       1
       1
       1
       0
       1
       0
       1
       1
       1
       1
       0
       3
       1
       1
       0
       1
       0
       2
       1
       2
       1
       3
       0
       4
       1
       2
       2
       1
       1
       1
       1
       2
       3
       2
       2
       2
       2
       2
       0
       0
       2
       1
       2
       1
       2
       1
       3
       1
       0
       0
       0
       0
       5
       1
       2
       0
       1
       1
       4
       2
       0
       0
       3
       2
       4
       1
       2
       1
       1
       0
       1
       1
       1
       3
       0
       0
       2
       1
       2
       1
       2
       2
       1
       2
       1
       2
       3
       0
       1
       1
       2
       1
       2
       1
       0
       0
       4
       0
       3
       0
       1
       0
       1
       1
       1
       0
       2
       2
       1
       0
       1
       0
       2
       2
       0
       1
       3
       0
       2
       1
       1
       1
       1
       2
       2
       0
       0
       0
       3
       1
       2
       1
       0
       0
       1
       2
       1
       0
       3
       2
       0
       2
       1
       1
       0
       1
       3
       1
       1
       1
       2
       0
       0
       0
       2
       3
       2
       0
       1
       0
       2
       0
       0
       2
       0
       3
       0
       1
       1
       1
       0
       2
       0
       0
       2
       1
       3
       1
       0
       2
       0
       0
       0
       1
       0
       2
       0
       2
       1
       0
       1
       1
       0
       0
       1
       0
       0
       3
       1
       1
       1
       0
       1
       2
       2
       2
       0
       0
       0
       0
       0
       1
       3
       3
       0
       1
       2
       0
       0
       1
       1
       3
       1
       0
       2
       2
       0
       1
       3
       1
       1
       1
       0
       3
       0
       0
       2
       1
       3
       0
       0
       1
       0
       1
       2
       0
       2
       3
       2
       1
       1
       2
       0
       1
       2
       0
       1
       2
       0
       1
       0
       0
       1
       1
       0
       2
       2
       0
       0
       2
       0
       0
       4
       0
       1
       0
       4
       0
       1
       2
       0
       0
       1
       0
       0
       0
       1
       0
       1
       0
       0
       1
       1
       0
       1
       3
       2
       3
       0
       0
       0
       0
       1
       4
       0
       2
       0
       0
       1
       1
       1
       1
       0
       0
       1
       1
       0
       0
       0
       2
       1
       2
       4
       0
       2
       1
       2
       1
       3
       1
       1
       1
       3
       1
       1
       3
       0
       1
       2
       0
       1
       1
       3
       2
       4
       0
       0
       1
       0
       1
       0
       0
       1
       0
       2
       0
       0
       1
       2
       3
       1
       0
       1
       1
       1
       0
       2
       2
       2
       2
       1
       0
       1
       1
       1
       0
       1
       2
       1
       0
       1
       1
       0
       0
       1
       0
       0
       0
       1
       1
       0
       2
       0
       0
       1
       1
       1
       2
       0
       0
       1
       0
       0
       2
       2
       0
       2
       0
       0
       2
       3
       1
       0
       0
       0
       0
       1
       1
       0
       0
       0
       1
       0
       3
       0
       2
       0
       0
       3
       1
       0
       2
       1
       3
       0
       2
       0
       1
       0
       0
       0
       1
       1
       1
       0
       1
       1
       1
       3
       1
       1
       1
       1
       2
       0
       0
       3
       1
       0
       2
       0
       0
       2
       0
       0
       0
       2
       1
       1
       0
       0
       1
       1
       1
       0
       3
       1
       1
       1
       2
       2
       2
       0
       3
       1
       0
       1
       1
       4
       1
       0
       2
       2
       2
       2
       0
       0
       0
       0
       1
       1
       2
       0
       0
       0
       1
       0
       1
       0
       1
       0
       1
       1
       1
       3
       0
       1
       1
       1
       2
       1
       0
       0
       2
       0
       0
       1
       0
       2
       2
       0
       0
       2
       1
       1
       0
       0
       0
       1
       0
       0
       2
       1
       1
       1
       0
       1
       0
       1
       1
       2
       1
       1
       0
       2
       1
       3
       2
       0
       2
       0
       1
       0
       0
       0
       0
       0
       0
       1
       2
       1
       0
       0
       0
       0
       1
       2
       2
       0
       3
       4
       0
       1
       0
       1
       0
       1
       1
       0
       0
       1
       0
       0
       0
       1
       2
       1
       0
       1
       1
       2
       1
       0
       0
       1
       1
       0
       0
       0
       1
       0
       0
       1
       1
       0
       0
       3
       1
       0
       1
       2
       1
       0
       0
       1
       1
       1
       2
       0
       2
       0
       3
       3
       1
       1
       0
       0
       0
       1
       1
       0
       1
       0
       1
       1
       1
       1
       0
       1
       0
       2
       1
       1
       2
       0
       1
       4
       1
       2
       4
       1
       2
       0
       2
       0
       2
       0
       0
       1
       2
       0
       1
       0
       0
       2
       0
       1
       0
       0
       1
       2
       1
       1
       0
       0
       4
       0
       0
       2
       1
       1
       0
       1
       1
       1
       3
       2
       0
       0
       0
       0
       3
       1
       0
       0
       0
       0
       0
       0
       0
       1
       0
       1
       2
       2
       0
       1
       0
       0
       2
       0
       1
       0
       0
       0
       1
       2
       0
       2
       1
       1
       0
       0
       0
       2
       1
       1
       0
       0
       0
       1
       0
       1
       0
       0
       0
       1
       1
       1
       0
       2
       0
       3
       0
       2
       0
       0
       1
       1
       0
       1
       1
       0
       4
       0
       1
       1
       1
       0
       0
       3
       0
       0
       0
       0
       0
       1
       1
       0
       1
       2
       2
       0
       2
       0
       1
       0
       0
       0
       1
       0
       1
       1
       1
       2
       1
       0
       0
       0
       1
       0
       2
       2
       0
       1
       0
       1
       2
       0
       2
       2
       1
       3
       0
       0
       1
       1
       1
       2
       0
       0
       0
       0
       0
       3
       1
       0
       0
       1
       1
       1
       1
       0
       1
       0
       1
       0
       0
       0
       0
       1
       1
       0
       0
       0
       1
       0
       0
       0
       1
       3
       1
       1
       1
       0
       0
       0
       0
       1
       1
       1
       0
       0
       0
       1
       0
       1
       0
       0
       0
       0
       3
       1
       0
       1
       0
       2
       5
       0
       2
       0
       3
       1
       1
       2
       1
       0
       0
       1
       0
       1
       2
       1
       1
       1
       2
       0
       1
       0
       0
       1
       0
       0
       1
       0
       1
       0
       1
       1
       0
       0
       0
       2
       0
       0
       1
       1
       1
       1
       1
       1
       0
       0
       0
       2
       2
       1
       2
       0
       3
       1
       1
       0
       2
       1
       2
       1
       0
       0
       3
       0
       0
       0
       0
       0
       0
       1
       1
       1
       0
       1
       1
       1
       1
       0
       0
       1
       2
       1
       0
       0
       0
       1
       0
       0
       0
       0
       0
       1
       1
       2
       0
       0
       1
       0
       0
       0
       0
       1
       1
       2
       0
       0
       2
       1
       0
       0
       0
       0
       1
       0
       0
       1
       0
       0
       0
       1
       0
       0
       0
       1
       3
       1
       0
       0
       0
       1
       0
       1
       0
       0
       0
       0
       2
       0
       1
       0
       1
       1
       1
       1
       0
       0
       0
       0
       0
       0
       1
       0
       2
       0
       1
       0
       1
       0
       1
       0
       1
       1
       1
       1
       0
       0
       1
       2
       1
       2
       0
       0
       0
       0
       1
       0
       1
       0
       1
       1
       0
       1
       1
       0
       2
       1
       1
       0
       1
       3
       1
       0
       0
       0
       1
       0
       1
       1
       1
       1
       1
       0
       0
       1
       1
       1
       1
       1
       1
       0
       1
       0
       0
       1
       0
       1
       1
       1
       0
       1
       1
       1
       0
       0
       0
       0
       0
       1
       1
       0
       2
       0
       1
       2
       2
       0
       2
       1
       1
       0
       1
       1
       0
       1
       0
       0
       0
       1
       1
       0
       0
       0
       0
       1
       0
       0
       0
       2
       0
       2
       0
       1
       2
       1
       0
       4
       0
       0
       1
       0
       1
       2
       1
       1
       1
       0
       0
       0
       0
       1
       1
       0
       2
       0
       0
       1
       1
       0
       0
       1
       0
       3
       1
       0
       0
       0
       0
       0
       5
       0
       0
       2
       0
       1
       3
       0
       1
       0
       1
       0
       1
       2
       1
       0
       0
       1
       1
       1
       1
       0
       1
       0
       1
       1
       1
       1
       0
       0
       2
       1
       1
       1
       0
       0
       0
       0
       0
       1
       1
       0
       2
       0
       0
       1
       0
       1
       0
       0
       0
       0
       0
       0
       0
       1
       0
       0
       0
       2
       0
       0
       0
       0
       1
       2
       1
       1
       1
       1
       2
       0
       0
       1
       2
       0
       1
       1
       0
       1
       0
       1
       0
       1
       2
       0
       1
       1
       1
       1
       1
       0
       2
       0
       0
       2
       3
       0
       1
       0
       1
       2
       1
       1
       0
       1
       0
       0
       0
       0
       0
       4
       1
       1
       0
       1
       1
       0
       1
       0
       1
       1
       0
       1
       2
       0
       0
       1
       0
       0
       1
       2
       1
       0
       0
       0
       1
       4
       0
       1
       1
       0
       1
       0
       0
       0
       0
       1
       0
       0
       0
       3
       2
       0
       1
       0
       1
       0
       0
       1
       0
       0
       0
       1
       0
       1
       0
       0
       1
       0
       1
       0
       1
       0
       0
       0
       1
       0
       0
       1
       0
       1
       1
       0
       0
       0
       1
       1
       0
       1
       1
       0
       0
       1
       0
       1
       1
       0
       0
       1
       0
       1
       2
       0
       0
       1
       1
       1
       0
       0
       0
       0
       0
       0
       2
       0
       1
       1
       0
       1
       0
       1
       1
       2
       2
       1
       1
       1
       1
       2
       0
       0
       0
       1
       0
       1
       1
       1
       0
       0
       0
       0
       1
       0
       0
       1
       0
       0
       0
       1
       0
       1
       1
       1
       1
       0
       0
       0
       0
       1
       1
       1
       1
       2
       1
       0
       1
       0
       1
       1
       0
       1
       2
       0
       0
       0
       1
       0
       0
       1
       0
       0
       1
       0
       1
       2
       1
       0
       2
       0
       1
       0
       1
       0
       0
       1
       1
       0
       2
       0
       2
       0
       0
       0
       0
       0
       0
       1
       0
       2
       0
       0
       1
       1
       0
       0
       1
       3
       2
       0
       1
       1
       2
       0
       0
       1
       0
       0
       1
       0
       0
       1
       0
       0
       1
       1
       0
       0
       1
       0
       0
       0
       0
       1
       1
       1
       0
       0
       0
       1
       2
       0
       1
       0
       1
       0
       0
       2
       3
       0
       0
       2
       0
       1
       2
       2
       0
       0
       0
       0
       0
       1
       0
       0
       1
       1
       1
       0
       0
       0
       0
       0
       0
       0
       1
       1
       0
       0
       1
       1
       1
       0
       0
       1
       0
       0
       0
       0
       0
       0
       1
       0
       0
       1
       0
       0
       1
       0
       0
       1
       0
       1
       1
       1
       0
       0
       1
       1
       1
       1
       0
       0
       2
       0
       1
       4
       1
       0
       1
       0
       0
       0
       1
       0
       0
       0
       0
       1
       3
       1
       0
       1
       0
       0
       0
       0
       2
       1
       0
       0
       2
       2
       0
       1
       0
       1
       0
       0
       0
       0
       0
       0
       2
       1
       0
       0
       0
       3
       0
       0
       0
       0
       1
       0
       0
       0
       0
       3
       1
       1
       2
       0
       0
       0
       1
       1
       0
       0
       0
       0
       1
       0
       1
       1
       0
       0
       0
       1
       0
       1
       0
       1
       1
       0
       0
       2
       0
       0
       0
       0
       0
       0
       1
       0
       0
       0
       0
       2
       0
       0
       0
       2
       1
       0
       0
       0
       0
       0
       0
       0
       0
       0
       0
       0
       0
       0
       0
       0
       0
       0
       0
       0
       0
       0
       0
       0
       0
       0
       0
       0
       0
       0
       0
       0
       0
       0
       0
       0
       0
       0
       0
       0
       0
       0
       0
       0
       0
       0
       0
       0
       0
       0
       0
       0
       0
       0
       0
       0
       0
       0
       0
       0
       0
       0
       0
       0
       0
$ROI:
1
1250 1942
$PRESETS:
None
0
0
$ENER_FIT:
2.003927 0.156470
$MCA_CAL:
3
2.003927E+000 1.564700E-001 1.479025E-005 keV
$SHAPE_CAL:
3
3.500559E+001 4.560333E-002 5.119282E-006
