$SPEC_ID:
No sample description was entered.
$SPEC_REM:
DET# 1
DETDESC# FSGUNIV-O93LS3D Easy-MCA-8k SN 17088661
AP# Maestro Version 7.01
$DATE_MEA:
03/18/2024 10:34:10
$MEAS_TIM:
720 812
$DATA:
0 4095
       0
       0
       0
       0
       0
       0
       0
       0
       0
       0
       0
       0
       0
       0
       0
       0
       0
       0
       0
       0
       0
       0
       0
       0
       0
       0
       0
       0
       0
       0
       0
       0
       0
       0
       0
       0
       0
       0
       0
       0
       0
       0
       0
       0
       0
       0
       0
       0
       0
       0
       0
       0
       0
       0
       0
       0
       0
       0
       0
       0
       0
       0
       0
       0
       0
       0
       0
       0
       0
       0
       0
       0
       0
       0
       0
       0
       0
       0
       0
       1
       5
      13
      11
      15
      15
      11
       8
       8
      14
      14
      12
      15
      13
      13
      14
      10
       9
      11
       8
      11
      11
      12
      10
       8
      11
       5
       9
       9
       6
      13
      11
       6
       7
       9
      13
       8
      11
       7
      11
       8
       6
      11
      12
      15
       6
      13
      12
       7
       6
      10
      13
      12
      10
      12
       8
      10
      13
       8
       8
       9
       9
       3
       8
      11
      10
       8
       8
      12
       7
      10
      12
      11
      11
      10
       9
      11
      10
      13
      11
      10
      12
      12
      12
      11
      11
       8
      15
       7
       9
       8
      10
       8
      14
      11
       7
      12
       8
      14
       5
      15
       8
      15
       8
       7
      14
      11
       9
      10
       9
       7
       8
      13
       7
      10
       9
      11
      11
       6
       8
       5
       6
      10
       7
      14
      11
      10
      10
       9
      15
      16
      16
      14
      11
      13
      10
      10
      10
      12
       9
      15
      15
      14
      18
       8
       9
      14
      22
      11
       7
      14
      12
      10
      13
      14
      12
       8
       7
       9
      17
      13
      10
      11
      11
       9
      10
       8
       5
      11
      15
      15
       8
      11
      17
      12
      11
      10
       3
      15
       9
      11
      13
      10
      11
      14
      10
       9
      12
      11
       5
      12
       8
      12
      11
       9
      12
       7
      13
       7
      10
      11
      10
      11
      15
      10
      12
       9
      13
      12
       8
      13
      13
      13
       5
       7
      13
       8
      13
      10
      20
      15
      12
      17
      20
      11
      13
       7
      12
      13
      16
      10
      12
       8
      12
      12
      12
      15
       5
      15
       8
      11
      17
      12
       9
      14
      12
       6
       8
       6
      14
       9
      12
      18
      11
      16
       8
      10
      11
      14
      12
      21
      16
      13
      12
      18
      12
      12
      12
      16
      14
      11
      12
      16
      15
      21
       8
      12
      16
      17
      11
      11
      13
      13
      15
       8
      13
      19
       8
      13
      10
      17
       9
       6
      15
      12
      12
       9
       9
      15
       9
      20
      12
      15
       7
      11
      16
      14
      19
      17
      11
      10
      19
      15
      21
      10
      18
       9
      19
      19
       8
      15
      14
      15
      16
      16
       7
       8
      16
      18
      11
      15
      12
      13
      14
      12
      11
      11
      15
      19
      23
      11
      10
       9
      18
      13
      13
      15
      25
      22
      15
      17
      12
      22
      16
       4
      17
      22
      12
      23
       9
      14
      16
      13
      13
      11
      11
      23
      26
      16
      12
      17
      17
      26
      22
       9
      16
      26
      16
      25
      14
      26
      23
      16
      13
      12
      22
      23
      17
      11
      13
      23
      21
      21
      13
      28
      14
      19
      14
      21
      29
      18
      18
      15
      23
      22
      14
      19
      28
      20
      15
      20
      16
      19
      22
      22
      17
      20
      19
      20
      16
      19
      11
      18
      23
      17
      16
      22
      12
      15
      20
      18
      16
      10
      21
      14
      22
      14
      24
      18
      23
      16
      27
      21
      18
      26
      17
      18
      17
      17
      26
      17
      13
      12
      18
      14
      14
      15
      18
      12
      19
      14
      17
      17
      16
       7
      15
       5
      20
      19
      14
      15
      17
      15
       7
      12
      11
      13
      18
      14
      12
      14
      20
      18
      12
      17
      21
      15
      15
       6
      24
      20
      18
      13
      24
      21
      10
      22
      14
      11
      16
      24
      17
      18
      12
      13
      19
      15
      13
       6
      12
      16
      13
      21
      10
      18
      17
       9
      15
       8
      18
      11
      15
      22
      15
      14
      15
      15
      14
      16
      19
      17
      19
      17
      20
      13
      22
      23
      10
      20
       9
      11
      16
      11
      15
      13
      18
      15
      14
      13
      16
      16
      17
      12
      13
      16
      11
      20
      22
      17
      16
      24
       9
      16
      14
      16
      27
      17
      20
      15
      16
      17
      16
      19
      18
      10
      23
      11
      12
      29
      19
      18
      18
      13
      23
      18
      20
      19
      24
      17
      15
      15
      17
      18
      19
      18
      15
      24
      25
      12
      25
      21
      17
      14
      16
      17
      19
      19
      15
      22
       7
      10
      14
      18
      24
       7
      16
      17
      24
      16
      21
      15
      23
      24
      21
      12
      14
      22
      12
      17
      20
      17
      19
      16
      18
      19
      14
      16
      18
      17
      16
      11
      21
      10
      18
      17
      12
      25
      20
      27
      20
      16
      20
      17
      11
      15
      18
      22
       8
      20
      24
      21
      21
      17
      14
      23
      18
      14
      16
      22
      24
      25
      17
      21
      24
      18
      22
      23
      27
      19
      12
      16
      17
      30
      10
      19
      16
      19
      22
      21
      13
      20
      14
      23
      23
      18
      17
      25
      11
      17
      31
      18
      19
      20
      21
      22
      19
      21
      22
      25
      15
      19
      19
      14
      23
      21
      16
      22
      16
      27
      14
      16
      11
      21
      20
      14
      25
      16
      12
      27
      22
      17
      15
      21
      18
      25
      18
      27
      18
      21
      22
      19
      17
      25
      15
      26
      23
      27
      10
      24
      14
      22
      14
      23
      23
      13
      19
      24
      24
      20
      17
      20
      16
      16
      16
      18
      11
      15
      23
      19
      18
      17
      21
      24
      23
      22
      17
      21
      10
      13
      15
      13
      27
      18
      11
      15
      21
      27
      10
      18
      17
      22
      22
      16
      18
      17
      18
      25
      21
      22
      23
      23
      25
      13
      19
      21
      24
      22
      14
      16
      11
      26
      17
      24
      17
      19
      20
      19
      28
      16
      20
      25
      22
      23
      12
      21
      17
      17
      23
      13
      18
      15
      16
      23
      17
      13
      11
      24
      28
      16
      17
      21
      23
      19
      14
      16
      29
      22
      20
      17
      23
      25
      26
      19
      20
      21
       9
      20
      20
      16
       8
      12
      20
      18
      16
      17
      24
      22
      16
      27
      20
      17
      19
      13
      15
      13
      17
      10
      20
      11
      17
      16
      17
      22
      17
      10
      11
      18
      13
       9
      26
      20
      11
      20
      27
      27
      19
      25
      10
      11
       9
      20
      13
      15
      18
      19
      17
      23
      17
      20
      19
      17
      13
      25
      23
      20
      12
      14
      20
      17
      19
      19
      14
      20
      17
      24
      16
      18
      21
      11
      16
      20
      24
      13
      12
      14
      10
      14
      14
      24
      17
      13
      14
      17
      16
      21
      19
      21
      19
      22
      20
      14
      24
      21
      13
      20
      27
      12
      18
      25
      16
      13
      19
      18
      22
      16
      19
      19
      15
      28
      26
      21
      10
      21
      15
      13
      17
      17
      16
      20
      19
      18
      18
      13
      17
      20
      19
      12
      19
      18
      19
      19
      15
      18
      25
      17
      11
      17
      18
      12
      19
      15
      19
      22
      20
      26
      20
      18
      14
      19
      11
      14
      17
      15
      21
      20
      13
      20
      19
      25
      20
      16
      17
      15
      29
      15
      17
      24
      19
      18
      25
      17
      15
      19
      15
      20
      28
      22
      16
      18
      11
      14
       8
      23
      23
      22
      19
      13
      21
      14
      18
      12
      16
      15
      17
      15
      10
      21
      16
      17
      20
      21
      18
      20
      10
      22
      13
      17
      15
      18
      28
      15
      19
      12
      20
      19
      18
      16
      15
      12
      13
      20
      14
      15
      19
      16
      12
      16
      14
      23
      15
      24
      25
      14
      14
      26
      16
      14
      20
      18
      18
      19
      12
      17
      12
      18
       9
      15
      12
      18
      21
      15
      16
      17
      11
      21
      15
      13
      18
      15
      22
      13
      17
      17
      15
      14
      20
      18
      11
      16
      16
       6
      19
      14
      16
      23
      23
      22
      13
      13
      17
      17
      14
      13
      13
      13
      16
      20
       6
      15
      11
      11
      15
      21
      12
      19
      16
      13
      17
      18
      15
      19
      11
      17
      18
      25
      10
      15
      25
      22
      21
      10
      15
      18
      12
      14
      22
      17
      18
      19
      15
      17
      14
      14
      15
      24
      14
      10
      11
      20
      16
      12
       8
       8
      16
       8
      13
      17
      15
      17
      21
      17
      19
      15
      13
      11
      18
      21
       9
      18
      15
      11
      21
      20
      10
      12
      21
      13
      16
      12
      13
      16
      13
      11
      14
      16
      10
      16
      15
      12
      14
      21
      12
      28
      10
      14
      14
      14
      21
      16
      16
      15
      14
      21
      10
      14
      16
      10
      13
      19
      16
      15
      15
      16
      18
      15
      19
      13
      15
      15
      15
      18
      13
      14
      12
      23
      10
      16
      18
      14
      17
       9
       9
      18
      15
      10
      11
      12
      13
      17
      13
      15
      15
      17
      17
      18
       9
      18
      20
      11
      18
      16
      11
      12
      17
      17
      10
      17
      20
      12
      17
      19
       8
      14
      14
      12
      11
      16
      18
      20
      20
      19
      13
      16
       9
      13
      12
      12
      10
      17
       4
      15
      16
      18
      16
      19
      21
      12
       9
      12
      16
      16
      19
      17
      14
      14
      16
      14
      17
      10
      23
      10
      10
      10
      13
      13
      13
      13
      14
      15
      15
      17
      12
      19
      16
      16
      20
      29
      12
      11
      16
      11
      15
      17
       9
      12
      10
      13
      11
      16
      12
       7
      12
       8
      15
       9
      13
       8
      13
       8
      12
      16
      16
      14
      15
      13
      11
      18
      16
      16
       8
      16
       5
      12
      10
      11
      11
       7
      12
       8
       9
      17
      17
      14
      16
      17
      17
      16
      14
       8
      12
      17
      16
      10
      10
      11
       8
      14
      15
      12
       7
      10
      13
       8
      17
      16
      16
      13
       8
      11
      19
      17
      13
      15
      13
      11
      13
      10
       7
      15
      18
      14
      21
      10
      17
      14
      13
      17
      11
      20
       8
      13
      18
      14
       9
       9
       9
      14
      15
      15
       9
       9
       6
       7
      17
      12
      11
      10
      10
      12
       8
      12
      13
      16
      11
      13
      11
      15
      14
      12
      15
      13
      12
      16
       9
      15
      10
      14
       8
      11
      13
       8
      15
      12
       6
      11
      15
      15
       8
      15
      11
      14
      18
      12
      20
      18
      12
       9
       9
      14
      11
       8
       9
      16
      11
      13
      19
      11
      13
      18
      16
      15
      18
      14
      16
      15
       7
      13
      19
      11
      19
      19
      12
      11
      12
      13
      13
       8
      13
      17
       7
      17
      16
      12
      14
      19
      16
      19
      20
      15
       7
       9
      13
      12
      10
      17
      15
      19
      13
      12
       9
       9
      11
      14
      16
      13
      18
      10
      12
      13
       5
       7
      15
      14
       6
      14
      13
      18
      13
      19
       7
      18
      10
       7
       8
      11
       6
      13
      14
      11
      13
      15
      22
       9
      14
      12
      13
       6
      10
      12
      12
      16
      10
      14
      13
      17
      11
      16
      12
      11
      15
       7
      12
      14
      13
      15
      10
      16
      19
      11
      16
       9
      15
      15
      12
      13
      16
      14
      18
      12
      12
      17
      14
      10
      21
      13
      14
       7
      16
      13
      12
       8
      11
      14
      14
      19
      11
      16
      18
      23
      11
       9
      15
      14
      14
      17
       8
      13
       7
      15
      13
      11
      12
      16
      14
      18
      14
      14
      22
      12
      10
      11
       8
      17
      16
      13
      19
      11
       7
      13
      13
      18
      23
      12
      16
      14
      11
      12
      14
      21
      18
      15
      23
      15
      15
      16
       8
      16
      16
      15
      24
       9
      15
      15
      21
      18
      19
      19
      21
      17
      21
      14
      12
      18
      14
      23
      13
       9
      21
       8
      18
      16
      18
      13
      16
      17
      15
      20
      24
      15
      15
      18
      15
      15
      19
      12
      20
      18
      19
      24
      17
      13
      21
      10
      21
      17
      14
      22
      17
      13
      23
      22
      21
      24
      16
      11
      19
      19
      18
      23
      16
      13
      15
      24
      28
      25
      21
      28
      20
      16
      15
      22
      18
      16
      18
      18
      18
      14
      19
      23
      19
      17
      19
      10
      16
      24
      15
      16
      21
      19
      26
      19
      18
      23
      17
      35
      30
      21
      26
      18
      20
      25
      28
      15
      17
      27
      27
      17
      22
      10
      26
      33
      25
      26
      30
      21
      26
      23
      20
      21
      25
      24
      28
      22
      19
      24
      31
      24
      31
      31
      24
      18
      29
      32
      30
      31
      21
      32
      29
      18
      32
      33
      21
      28
      20
      19
      31
      29
      24
      30
      24
      32
      23
      31
      28
      36
      29
      26
      24
      30
      22
      29
      25
      34
      31
      24
      20
      27
      36
      28
      24
      26
      29
      34
      23
      28
      32
      26
      29
      30
      25
      24
      27
      36
      35
      49
      28
      32
      25
      23
      38
      25
      25
      25
      34
      31
      38
      36
      29
      51
      31
      39
      28
      29
      33
      35
      28
      39
      36
      30
      24
      38
      42
      38
      25
      37
      38
      45
      38
      39
      45
      39
      36
      33
      24
      45
      42
      31
      43
      28
      36
      28
      47
      30
      36
      40
      38
      40
      37
      36
      30
      48
      27
      40
      27
      39
      35
      32
      33
      45
      36
      46
      41
      43
      37
      50
      50
      37
      45
      30
      44
      41
      41
      33
      42
      34
      43
      49
      39
      43
      19
      32
      52
      41
      29
      44
      47
      44
      44
      32
      38
      42
      33
      46
      40
      38
      33
      43
      44
      47
      40
      46
      30
      42
      45
      53
      51
      60
      37
      50
      39
      36
      37
      60
      39
      59
      64
      46
      50
      34
      40
      43
      47
      40
      37
      34
      33
      51
      43
      43
      46
      58
      41
      50
      42
      34
      64
      30
      45
      52
      47
      40
      46
      43
      48
      50
      49
      46
      47
      52
      50
      48
      47
      38
      47
      41
      52
      42
      60
      48
      46
      51
      46
      51
      48
      63
      56
      46
      44
      48
      50
      40
      55
      44
      50
      40
      41
      46
      52
      55
      59
      43
      40
      57
      60
      54
      57
      53
      53
      41
      41
      64
      58
      41
      51
      47
      44
      70
      53
      41
      54
      41
      51
      52
      54
      44
      52
      56
      47
      45
      47
      56
      44
      59
      45
      40
      46
      47
      48
      44
      61
      49
      51
      51
      49
      37
      50
      44
      52
      50
      52
      46
      46
      47
      58
      50
      72
      57
      60
      52
      63
      67
      45
      51
      49
      53
      47
      42
      54
      54
      45
      44
      47
      51
      46
      57
      46
      43
      48
      66
      49
      46
      66
      62
      47
      56
      41
      49
      46
      59
      40
      49
      51
      56
      54
      63
      53
      68
      52
      52
      47
      46
      62
      47
      56
      59
      45
      49
      56
      50
      60
      42
      53
      46
      55
      51
      56
      48
      42
      52
      56
      53
      45
      52
      34
      56
      41
      54
      52
      49
      41
      38
      52
      49
      51
      35
      48
      44
      52
      46
      55
      47
      43
      58
      47
      42
      34
      36
      64
      48
      36
      43
      54
      44
      51
      46
      55
      32
      49
      53
      43
      52
      41
      46
      48
      44
      46
      45
      56
      46
      46
      46
      37
      43
      42
      41
      47
      32
      44
      45
      40
      39
      43
      41
      40
      41
      51
      43
      41
      45
      39
      34
      33
      38
      30
      50
      45
      42
      36
      43
      37
      38
      34
      50
      33
      38
      33
      30
      41
      38
      37
      46
      36
      36
      33
      49
      36
      28
      39
      31
      38
      37
      36
      22
      36
      34
      41
      26
      37
      34
      47
      40
      41
      37
      32
      44
      27
      42
      33
      35
      35
      33
      29
      36
      38
      38
      34
      34
      32
      36
      36
      29
      31
      34
      29
      35
      33
      31
      32
      36
      34
      31
      29
      33
      32
      28
      33
      29
      28
      38
      44
      29
      31
      34
      26
      34
      26
      20
      34
      28
      31
      21
      24
      32
      34
      29
      28
      26
      25
      28
      27
      33
      18
      36
      28
      28
      25
      25
      30
      15
      26
      29
      19
      24
      18
      32
      30
      28
      28
      25
      33
      28
      23
      22
      24
      24
      27
      26
      25
      30
      23
      22
      27
      26
      20
      22
      24
      28
      20
      20
      20
      23
      14
      29
      21
      28
      14
      21
      20
      25
      38
      22
      25
      27
      25
      25
      17
      24
      22
      22
      21
      22
      22
      25
      20
      19
      19
      14
      18
      21
      31
      28
      18
      16
      26
      17
      12
      22
      17
      16
      19
      21
      19
      18
      17
      18
      17
      16
      18
      21
      15
      15
      16
      19
      24
      22
      16
      14
      18
      18
      20
      15
      18
      20
       9
      18
      18
      16
       8
      10
       6
      10
       9
      15
      10
      15
      11
      12
      16
      14
      10
      12
      16
      16
      18
      16
      14
      13
      11
      12
      14
      16
      11
      13
      11
      15
      14
      16
      13
      12
       7
      14
      10
      12
      11
      13
       7
      10
      11
      10
      12
      10
       8
      10
      12
       9
       4
       8
      16
      10
       8
      11
      13
       4
       8
       9
       9
       7
       9
       8
       5
      10
       8
      12
       3
       6
      11
      10
       7
       9
       7
       9
       5
       7
       8
       5
       7
       3
      10
       7
       7
      11
      11
       5
      15
       4
       9
       4
      10
       7
       9
       6
       8
       5
       6
       6
       8
       5
       8
       4
       2
       6
       7
       6
       8
       7
      10
       7
       6
       4
       7
       5
       5
       8
       3
       5
       6
       6
       7
       4
       5
       8
       1
       1
       7
       2
       6
       6
       6
       6
       5
       3
       5
       1
       3
       3
       8
       5
       3
       3
       7
       2
       5
       1
       5
       4
       4
       4
       6
       2
       3
       3
       4
       4
       3
       5
       2
       3
       4
       5
       5
       0
       2
       2
       3
       4
       1
       3
       4
       2
       3
       3
       5
       3
       3
       3
       3
       3
       3
       2
       2
       5
       1
       6
       7
       3
       3
       6
       1
       2
       6
       4
       2
       3
       1
       4
       1
       3
       2
       3
       4
       3
       5
       2
       4
       0
       0
       1
       0
       6
       4
       2
       1
       0
       0
       0
       1
       0
       5
       1
       5
       2
       1
       1
       2
       5
       2
       3
       2
       2
       2
       2
       1
       3
       0
       1
       1
       1
       3
       3
       0
       1
       2
       0
       0
       1
       2
       3
       1
       1
       1
       0
       1
       0
       3
       2
       1
       1
       2
       0
       0
       1
       1
       0
       2
       0
       2
       2
       2
       2
       0
       0
       1
       2
       3
       1
       0
       1
       0
       3
       1
       0
       2
       1
       2
       1
       1
       1
       3
       0
       1
       1
       1
       1
       1
       1
       1
       2
       1
       0
       2
       2
       1
       0
       1
       0
       1
       3
       1
       0
       3
       1
       1
       0
       2
       0
       1
       0
       2
       0
       0
       1
       1
       1
       0
       0
       3
       2
       0
       1
       3
       0
       1
       2
       0
       1
       0
       0
       1
       3
       1
       1
       0
       1
       0
       0
       2
       1
       2
       0
       2
       1
       1
       1
       0
       0
       1
       1
       2
       3
       1
       1
       2
       1
       1
       3
       1
       0
       0
       0
       1
       1
       1
       3
       1
       1
       2
       1
       2
       2
       0
       0
       4
       0
       5
       2
       1
       1
       0
       1
       0
       3
       2
       2
       0
       1
       1
       2
       0
       2
       1
       1
       1
       2
       2
       0
       0
       2
       1
       3
       0
       0
       1
       2
       1
       1
       0
       2
       1
       2
       0
       2
       3
       1
       0
       2
       0
       1
       1
       1
       1
       0
       0
       0
       0
       0
       1
       0
       0
       1
       0
       3
       0
       0
       1
       1
       1
       1
       0
       1
       2
       0
       1
       0
       0
       0
       0
       0
       1
       0
       0
       0
       1
       0
       0
       0
       1
       0
       0
       0
       2
       2
       2
       3
       1
       2
       1
       1
       2
       4
       0
       1
       1
       1
       1
       0
       1
       0
       0
       0
       3
       0
       1
       0
       0
       0
       1
       1
       1
       1
       0
       1
       1
       2
       0
       0
       4
       1
       0
       0
       1
       1
       1
       2
       1
       0
       0
       0
       0
       0
       1
       3
       1
       0
       1
       1
       0
       0
       1
       0
       1
       1
       0
       0
       0
       3
       0
       2
       1
       0
       1
       0
       1
       0
       2
       0
       1
       0
       1
       1
       1
       0
       1
       0
       0
       1
       1
       0
       0
       0
       1
       2
       1
       1
       1
       3
       2
       1
       1
       3
       0
       1
       2
       0
       2
       1
       1
       1
       0
       1
       0
       1
       1
       1
       0
       0
       0
       2
       1
       1
       1
       1
       0
       0
       0
       0
       1
       0
       0
       1
       0
       1
       0
       0
       2
       0
       2
       1
       0
       0
       1
       1
       3
       0
       1
       1
       1
       2
       1
       1
       0
       0
       1
       0
       0
       1
       1
       1
       1
       1
       0
       0
       1
       1
       1
       0
       0
       0
       1
       1
       0
       1
       2
       1
       2
       0
       0
       1
       0
       3
       0
       1
       2
       0
       1
       0
       0
       0
       0
       0
       1
       0
       0
       1
       1
       1
       0
       1
       0
       0
       0
       1
       0
       0
       2
       0
       0
       0
       1
       0
       0
       2
       0
       0
       1
       0
       1
       0
       0
       1
       0
       1
       1
       0
       1
       1
       0
       0
       1
       0
       1
       0
       1
       0
       1
       0
       4
       3
       2
       0
       1
       0
       1
       1
       0
       0
       0
       1
       0
       0
       1
       0
       0
       0
       0
       1
       2
       0
       1
       1
       0
       0
       0
       2
       1
       0
       0
       1
       1
       1
       0
       1
       1
       2
       0
       0
       0
       0
       1
       0
       0
       1
       1
       0
       1
       1
       0
       1
       0
       0
       0
       0
       2
       0
       0
       1
       0
       2
       4
       4
       1
       2
       0
       0
       1
       0
       0
       0
       0
       1
       0
       0
       1
       1
       1
       0
       1
       1
       1
       0
       0
       1
       0
       2
       0
       1
       2
       1
       0
       0
       0
       1
       1
       1
       3
       1
       1
       1
       0
       0
       1
       0
       0
       0
       0
       0
       2
       0
       0
       0
       1
       1
       1
       1
       0
       0
       2
       2
       1
       0
       1
       0
       0
       0
       0
       0
       1
       0
       0
       1
       0
       1
       0
       0
       1
       0
       0
       0
       0
       1
       0
       1
       0
       0
       0
       0
       1
       1
       1
       0
       1
       0
       0
       0
       2
       1
       0
       0
       1
       1
       2
       1
       0
       0
       0
       0
       0
       0
       0
       0
       0
       0
       1
       3
       2
       1
       0
       0
       2
       0
       1
       1
       0
       1
       0
       0
       1
       0
       0
       0
       1
       0
       1
       2
       1
       0
       0
       0
       0
       0
       0
       1
       1
       0
       0
       0
       1
       0
       0
       0
       1
       0
       0
       0
       0
       0
       0
       1
       1
       0
       1
       1
       1
       0
       0
       0
       1
       0
       1
       0
       1
       0
       1
       0
       2
       0
       1
       1
       1
       0
       0
       0
       0
       1
       3
       0
       3
       2
       0
       0
       2
       1
       0
       0
       1
       1
       1
       0
       1
       0
       0
       0
       0
       0
       0
       1
       0
       0
       1
       0
       0
       0
       0
       0
       0
       0
       1
       1
       0
       0
       1
       0
       0
       0
       1
       0
       0
       0
       0
       1
       1
       0
       1
       1
       0
       0
       0
       0
       0
       1
       1
       0
       0
       0
       0
       0
       1
       1
       0
       1
       0
       0
       0
       0
       0
       0
       1
       0
       0
       1
       0
       0
       0
       1
       1
       0
       0
       0
       0
       1
       0
       0
       0
       4
       0
       0
       0
       1
       0
       1
       1
       0
       0
       0
       0
       0
       1
       1
       0
       1
       0
       0
       0
       0
       1
       0
       0
       0
       0
       0
       0
       1
       1
       2
       0
       0
       0
       0
       0
       0
       0
       0
       1
       0
       1
       1
       0
       0
       0
       0
       1
       0
       0
       1
       0
       0
       1
       1
       0
       2
       0
       0
       0
       1
       0
       0
       1
       1
       0
       1
       0
       1
       2
       0
       0
       0
       0
       0
       0
       1
       1
       0
       1
       1
       0
       0
       1
       0
       1
       2
       0
       1
       0
       0
       0
       0
       0
       0
       0
       0
       0
       0
       0
       0
       0
       0
       1
       0
       0
       1
       0
       0
       1
       1
       0
       1
       0
       0
       1
       0
       0
       0
       1
       1
       0
       1
       0
       1
       1
       1
       1
       0
       0
       0
       0
       0
       0
       1
       0
       0
       3
       0
       0
       1
       0
       1
       0
       0
       2
       0
       0
       0
       2
       0
       0
       0
       0
       0
       1
       0
       0
       0
       1
       0
       0
       0
       0
       0
       0
       0
       0
       2
       0
       1
       1
       1
       0
       2
       0
       1
       0
       2
       0
       1
       0
       1
       1
       0
       0
       0
       0
       0
       1
       0
       0
       0
       1
       0
       0
       0
       1
       0
       0
       0
       0
       0
       1
       0
       0
       1
       1
       0
       1
       0
       1
       1
       0
       1
       0
       0
       0
       0
       0
       0
       0
       1
       0
       1
       0
       2
       1
       0
       0
       1
       1
       1
       2
       1
       0
       0
       1
       0
       0
       0
       0
       0
       0
       0
       0
       2
       0
       0
       1
       0
       0
       3
       0
       0
       0
       1
       0
       1
       1
       0
       0
       0
       0
       1
       0
       0
       0
       0
       0
       2
       1
       0
       0
       1
       2
       1
       1
       0
       0
       0
       0
       0
       0
       0
       1
       0
       2
       0
       0
       0
       0
       0
       0
       0
       0
       0
       1
       0
       0
       0
       1
       0
       1
       0
       0
       1
       0
       1
       0
       1
       0
       1
       1
       0
       0
       0
       0
       0
       0
       1
       0
       0
       0
       0
       1
       1
       0
       1
       0
       0
       0
       1
       0
       0
       0
       0
       1
       1
       0
       0
       0
       0
       0
       0
       1
       0
       0
       0
       0
       0
       0
       0
       0
       0
       0
       1
       1
       1
       0
       1
       0
       0
       0
       2
       0
       1
       1
       0
       0
       0
       0
       0
       0
       0
       0
       1
       0
       1
       1
       0
       0
       0
       2
       0
       2
       0
       0
       0
       1
       0
       1
       1
       0
       0
       0
       0
       0
       0
       0
       0
       0
       1
       0
       0
       0
       0
       0
       0
       0
       0
       0
       1
       0
       0
       0
       0
       0
       0
       0
       1
       1
       2
       0
       0
       0
       1
       1
       0
       0
       0
       0
       0
       1
       1
       0
       1
       2
       1
       1
       0
       0
       0
       0
       0
       0
       0
       0
       0
       0
       0
       0
       0
       0
       0
       0
       0
       0
       0
       0
       0
       0
       0
       0
       0
       0
       0
       0
       0
       0
       0
       0
       0
       0
       0
       0
       0
       0
       0
       0
       0
       0
       0
       0
       0
       0
       0
       0
       0
       0
       0
       0
       0
       0
       0
       0
       0
       0
       0
       0
       0
       0
       0
       0
       0
$ROI:
1
1822 2478
$PRESETS:
None
0
0
$ENER_FIT:
2.003927 0.156470
$MCA_CAL:
3
2.003927E+000 1.564700E-001 1.479025E-005 keV
$SHAPE_CAL:
3
3.500559E+001 4.560333E-002 5.119282E-006
