$SPEC_ID:
No sample description was entered.
$SPEC_REM:
DET# 1
DETDESC# FSGUNIV-O93LS3D Easy-MCA-8k SN 17088661
AP# Maestro Version 7.01
$DATE_MEA:
03/18/2024 09:16:54
$MEAS_TIM:
114 115
$DATA:
0 4095
       0
       0
       0
       0
       0
       0
       0
       0
       0
       0
       0
       0
       0
       0
       0
       0
       0
       0
       0
       0
       0
       0
       0
       0
       0
       0
       0
       0
       0
       0
       0
       0
       0
       0
       0
       0
       0
       0
       0
       0
       0
       0
       0
       0
       0
       0
       0
       0
       0
       0
       0
       0
       0
       0
       0
       0
       0
       0
       0
       0
       0
       0
       0
       0
       4
      11
      21
      81
     171
     172
     161
     158
     123
     159
     139
     121
     106
     111
      89
      86
      97
      83
     110
      98
      81
      68
      86
      68
      64
      64
      56
      60
      43
      52
      47
      41
      41
      28
      46
      18
      32
      23
      37
      32
      21
      27
      29
      36
      34
      21
      28
      30
      28
      38
      17
      25
      30
      30
      37
      40
      43
      47
      38
      31
      54
      50
      41
      62
      49
      51
      61
      67
      84
      76
     103
     103
     102
      91
     110
     117
     138
     171
     174
     180
     208
     260
     264
     245
     318
     324
     324
     370
     397
     440
     475
     532
     571
     564
     657
     694
     717
     771
     873
     847
     914
     981
    1039
    1055
    1158
    1155
    1210
    1287
    1261
    1352
    1345
    1401
    1440
    1437
    1459
    1508
    1525
    1459
    1452
    1488
    1495
    1409
    1488
    1434
    1431
    1383
    1373
    1280
    1351
    1221
    1192
    1105
    1170
    1095
    1047
     993
     954
     894
     877
     871
     790
     734
     689
     684
     580
     629
     546
     524
     489
     461
     437
     370
     357
     357
     322
     295
     297
     245
     244
     244
     221
     218
     202
     188
     181
     137
     131
     121
     122
     106
     100
      95
      88
      99
      88
      68
      67
      60
      48
      56
      67
      51
      45
      46
      44
      40
      42
      46
      44
      48
      39
      49
      48
      48
      38
      48
      49
      38
      51
      45
      37
      40
      52
      42
      37
      42
      59
      52
      58
      55
      36
      54
      62
      57
      61
      47
      62
      46
      64
      65
      65
      64
      77
      54
      73
      71
      77
      79
      77
      85
      93
      93
      74
      84
      84
      92
      85
      76
      92
      93
      79
      83
      95
      88
      72
     103
      81
      83
      91
      90
      77
      78
      89
      85
     101
     105
     104
      97
      94
      69
      91
      97
      91
      74
      75
      85
      69
      74
      91
      81
      74
      75
      72
      69
      82
      55
      56
      69
      67
      63
      61
      64
      55
      58
      63
      51
      57
      60
      54
      57
      48
      69
      47
      40
      60
      51
      52
      47
      43
      60
      68
      54
      56
      50
      44
      51
      52
      56
      54
      68
      50
      63
      46
      63
      56
      64
      59
      71
      73
      51
      55
      60
      63
      67
      63
      63
      54
      67
      72
      71
      67
      65
      76
      81
      85
      87
      69
      79
      82
      79
      80
      81
      84
      78
      76
      79
      93
      87
      90
      95
     116
      98
     102
      98
     104
     107
     125
     103
     125
     133
     145
     136
     152
     144
     165
     165
     149
     175
     189
     181
     173
     169
     198
     195
     204
     250
     227
     252
     253
     247
     272
     265
     274
     267
     323
     304
     318
     327
     343
     328
     358
     378
     396
     389
     403
     446
     434
     450
     473
     483
     448
     479
     545
     474
     470
     553
     500
     522
     553
     517
     559
     568
     579
     560
     580
     597
     638
     605
     588
     531
     583
     609
     533
     581
     583
     588
     578
     565
     555
     514
     574
     527
     533
     517
     491
     537
     452
     474
     484
     464
     439
     405
     436
     397
     336
     382
     370
     349
     297
     294
     301
     331
     290
     337
     238
     259
     248
     249
     236
     224
     184
     184
     167
     182
     168
     167
     123
     141
     129
     123
     120
     128
     116
     106
      91
      97
     102
      79
      75
      57
      81
      68
      65
      53
      59
      54
      54
      46
      45
      49
      53
      28
      42
      44
      42
      35
      31
      33
      26
      29
      29
      24
      33
      31
      24
      22
      24
      31
      28
      28
      22
      28
      30
      26
      18
      32
      31
      28
      23
      27
      25
      30
      25
      20
      25
      22
      25
      25
      22
      14
      18
      16
      28
      27
      32
      29
      30
      26
      29
      20
      26
      24
      15
      29
      19
      27
      21
      19
      23
      18
      19
      24
      21
      24
      22
      26
      29
      25
      20
      33
      33
      22
      25
      19
      30
      22
      28
      31
      22
      20
      27
      30
      20
      27
      27
      20
      33
      35
      25
      26
      28
      27
      32
      30
      34
      25
      18
      22
      26
      24
      21
      23
      26
      34
      23
      24
      35
      24
      29
      21
      27
      27
      38
      19
      32
      27
      27
      23
      26
      36
      27
      36
      29
      31
      38
      31
      28
      29
      46
      26
      29
      28
      30
      37
      22
      32
      28
      31
      28
      35
      19
      29
      28
      23
      26
      23
      31
      28
      30
      16
      42
      19
      20
      25
      28
      25
      22
      18
      26
      27
      25
      36
      23
      20
      22
      28
      32
      28
      20
      30
      31
      24
      28
      26
      29
      27
      18
      33
      30
      21
      27
      24
      17
      31
      18
      15
      30
      23
      28
      27
      26
      24
      20
      21
      34
      18
      21
      13
      21
      35
      27
      28
      30
      35
      31
      39
      24
      31
      22
      24
      32
      20
      30
      30
      24
      21
      24
      27
      38
      24
      21
      28
      24
      24
      20
      18
      32
      31
      30
      25
      33
      24
      18
      34
      32
      34
      32
      34
      28
      23
      35
      30
      28
      21
      33
      43
      32
      39
      31
      20
      35
      31
      32
      33
      28
      40
      25
      37
      22
      35
      24
      23
      38
      29
      36
      33
      39
      36
      41
      29
      36
      23
      29
      33
      27
      26
      29
      29
      40
      32
      35
      32
      51
      30
      27
      42
      35
      27
      36
      28
      26
      27
      30
      39
      33
      30
      51
      38
      41
      34
      48
      37
      45
      40
      38
      39
      47
      38
      61
      41
      32
      31
      39
      36
      36
      47
      41
      27
      37
      46
      39
      34
      33
      39
      43
      30
      33
      35
      51
      40
      38
      40
      45
      26
      45
      55
      50
      43
      45
      43
      41
      42
      41
      43
      46
      35
      33
      40
      37
      29
      36
      34
      53
      37
      48
      36
      43
      39
      46
      41
      35
      55
      35
      48
      48
      46
      38
      48
      47
      50
      45
      51
      30
      41
      36
      50
      33
      53
      43
      47
      38
      39
      44
      37
      44
      39
      36
      30
      41
      37
      35
      34
      31
      34
      32
      39
      36
      37
      30
      35
      33
      34
      30
      54
      31
      39
      34
      33
      44
      31
      47
      43
      42
      44
      29
      27
      37
      45
      30
      35
      30
      29
      27
      34
      31
      26
      34
      20
      45
      38
      26
      25
      39
      30
      30
      28
      30
      29
      27
      33
      35
      32
      30
      34
      34
      22
      31
      39
      34
      32
      37
      30
      34
      27
      36
      25
      34
      31
      41
      31
      30
      36
      36
      41
      33
      29
      33
      27
      33
      30
      28
      38
      37
      42
      27
      28
      34
      39
      41
      30
      28
      19
      39
      32
      26
      30
      28
      31
      38
      37
      38
      30
      24
      26
      40
      29
      23
      41
      28
      37
      28
      25
      33
      25
      38
      30
      32
      27
      31
      41
      25
      19
      26
      29
      32
      30
      28
      40
      23
      29
      26
      36
      28
      32
      39
      31
      18
      31
      30
      23
      32
      30
      22
      30
      27
      28
      27
      36
      20
      32
      40
      41
      39
      33
      28
      24
      26
      37
      26
      21
      31
      35
      24
      30
      31
      38
      28
      23
      42
      36
      28
      26
      17
      21
      31
      25
      24
      28
      21
      29
      28
      20
      25
      24
      32
      23
      29
      27
      32
      25
      21
      33
      26
      29
      22
      28
      30
      18
      40
      25
      20
      21
      26
      29
      20
      22
      21
      30
      28
      20
      29
      27
      22
      25
      32
      38
      25
      25
      29
      26
      22
      33
      25
      23
      23
      30
      28
      26
      33
      25
      21
      22
      26
      34
      30
      20
      34
      34
      31
      26
      19
      28
      23
      27
      18
      23
      27
      36
      30
      31
      32
      20
      22
      30
      27
      31
      22
      30
      24
      27
      30
      23
      21
      25
      28
      25
      28
      23
      31
      38
      23
      27
      24
      31
      21
      22
      30
      17
      25
      29
      37
      36
      27
      26
      29
      27
      27
      21
      23
      31
      24
      24
      15
      34
      13
      26
      28
      28
      33
      23
      28
      21
      27
      30
      27
      26
      32
      25
      18
      24
      23
      21
      28
      29
      22
      21
      32
      26
      27
      14
      29
      24
      24
      28
      25
      25
      21
      25
      21
      25
      17
      25
      25
      27
      22
      26
      27
      23
      20
      28
      21
      25
      25
      18
      15
      24
      19
      23
      15
      17
      29
      18
      29
      25
      25
      26
      23
      26
      28
      26
      25
      14
      22
      24
      18
      18
      31
      21
      20
      17
      16
      25
      18
      16
      16
      20
      28
      22
      22
      23
      19
      20
      29
      21
      20
      18
      20
      20
      25
      15
      16
      17
      16
      17
      23
      24
      19
      15
      25
      23
      23
      28
      17
      24
      16
      27
      17
      20
      25
      25
      16
      30
      24
      17
      21
      21
      20
      32
      23
      27
      23
      19
      28
      16
      32
      16
      17
      26
      26
      15
      29
      25
      20
      19
      18
      29
      26
      24
      39
      24
      28
      27
      27
      21
      29
      28
      33
      33
      33
      28
      31
      24
      32
      29
      31
      23
      29
      29
      35
      43
      36
      35
      21
      33
      28
      22
      28
      29
      39
      27
      35
      34
      33
      53
      25
      38
      33
      34
      36
      49
      48
      39
      43
      35
      35
      46
      40
      37
      43
      42
      45
      41
      55
      61
      39
      33
      51
      40
      53
      62
      40
      46
      40
      51
      46
      55
      56
      55
      56
      39
      64
      58
      50
      54
      42
      49
      37
      48
      51
      66
      71
      59
      44
      54
      58
      59
      78
      55
      53
      51
      63
      54
      52
      59
      56
      55
      68
      52
      69
      59
      67
      59
      57
      44
      69
      63
      54
      63
      60
      64
      69
      65
      59
      59
      56
      65
      61
      62
      75
      74
      60
      53
      61
      67
      56
      66
      73
      62
      47
      82
      63
      70
      67
      66
      71
      67
      69
      71
      66
      85
      75
      61
      61
      74
      65
      74
      83
      75
      73
      80
      83
      73
      79
      96
      67
      81
      82
      80
      88
      76
      88
      78
      68
      92
      72
      63
      78
      91
      90
      95
      77
      77
      94
      98
      74
      87
      84
      74
      87
      74
      99
      84
      88
      92
      89
      82
      92
      95
      92
      81
      84
      81
     104
     104
      92
     115
      90
      93
     109
     112
     105
     100
     108
     113
      93
     101
      96
      86
      90
     103
      94
      97
      94
     120
     103
     105
     102
     115
      84
     109
     105
     105
     109
     111
     100
     101
     111
     100
     100
     108
     102
      95
     109
      95
     101
     115
      87
     115
     110
      97
     120
     100
      99
     101
     111
     121
     136
     101
      97
     104
      95
      93
     109
     110
     103
     123
      96
      88
     108
      93
     102
     102
      96
     107
     107
      92
     105
      83
     105
     109
      93
      92
      91
      93
      85
     107
      89
      99
      96
      82
      94
      84
     119
     112
      91
      85
      81
     105
      94
     105
      90
      81
      66
      84
      81
      81
      78
      84
      95
      77
      70
      73
      90
      86
      86
      85
      70
      75
      60
      70
      76
      67
      71
      58
      79
      85
      61
      56
      59
      62
      73
      62
      75
      56
      63
      70
      77
      54
      66
      50
      55
      51
      61
      55
      67
      56
      66
      56
      59
      64
      64
      56
      59
      54
      70
      52
      58
      62
      57
      75
      56
      48
      50
      56
      62
      60
      59
      51
      59
      44
      63
      69
      65
      59
      41
      67
      61
      60
      58
      56
      70
      74
      64
      53
      57
      57
      51
      70
      68
      57
      58
      53
      60
      55
      74
      80
      70
      65
      69
      60
      66
      79
      79
      75
      84
      83
      81
      88
      86
      99
      68
      79
      86
      91
     101
      90
     104
      85
      98
     109
     108
      95
      96
     121
     112
      98
     103
     122
     121
     107
     112
     115
     129
     127
     126
     118
     119
     126
     126
     126
     128
     131
     119
     131
     132
     135
     138
     152
     149
     157
     152
     163
     146
     149
     191
     159
     154
     163
     156
     155
     162
     161
     176
     175
     170
     192
     189
     155
     166
     173
     170
     192
     177
     184
     176
     174
     191
     202
     188
     216
     200
     207
     181
     202
     224
     194
     181
     188
     224
     199
     202
     207
     207
     237
     240
     222
     232
     221
     231
     241
     249
     215
     215
     252
     227
     236
     220
     244
     229
     215
     214
     241
     250
     249
     233
     242
     220
     234
     244
     234
     254
     217
     243
     244
     262
     207
     223
     247
     234
     223
     243
     253
     232
     246
     220
     237
     233
     240
     241
     229
     252
     213
     234
     236
     263
     212
     216
     254
     230
     241
     235
     240
     230
     214
     249
     242
     242
     200
     206
     209
     209
     206
     216
     222
     205
     227
     209
     201
     209
     199
     202
     210
     218
     219
     207
     200
     210
     200
     210
     184
     211
     204
     213
     183
     181
     192
     185
     183
     172
     164
     182
     183
     174
     166
     166
     183
     210
     173
     151
     164
     154
     160
     152
     156
     161
     123
     158
     157
     136
     153
     141
     154
     141
     124
     152
     102
     145
     139
     132
     139
     133
     106
     105
     119
     120
     116
     116
     111
     132
     108
     103
     122
     114
     102
     109
     102
     119
     107
      93
      93
     102
     109
      90
      94
     106
      79
      80
      85
     101
      87
      76
     104
      86
      84
      92
      77
      81
      84
      88
      81
      71
      78
      77
      72
      75
      68
      56
      73
      61
      67
      66
      68
      62
      55
      60
      60
      62
      51
      47
      65
      74
      64
      58
      56
      48
      59
      57
      47
      57
      52
      68
      56
      47
      56
      54
      38
      56
      49
      49
      47
      47
      39
      52
      45
      48
      56
      34
      40
      38
      44
      33
      29
      44
      29
      42
      33
      32
      32
      39
      34
      30
      30
      49
      38
      33
      33
      26
      16
      29
      29
      34
      25
      29
      33
      31
      26
      28
      34
      26
      27
      17
      28
      28
      25
      27
      19
      38
      32
      17
      21
      10
      26
      26
      29
      26
      30
      22
      21
      23
      22
      19
      23
      22
      18
      21
      28
      13
      18
      20
       8
      22
      19
      18
       9
      15
      11
      11
      11
      15
      15
      16
      17
      17
      14
      10
      12
      11
      15
      16
      10
      14
      13
       9
      18
      11
      10
       9
       6
       9
      13
       7
       9
      10
       9
       4
       7
      10
       7
       9
       9
       8
       8
       8
      11
      13
       7
       8
      11
       9
       6
      12
       7
       8
       9
       8
       5
       3
       8
       7
       7
       7
       3
       2
       4
       4
       4
       6
       2
       5
       6
       3
       6
       6
       6
       8
       9
       9
       6
       3
       6
       2
       1
       7
       8
       8
       4
       5
       4
       5
       6
      10
       2
       4
       1
       4
       5
       8
       5
       5
       6
       8
       3
       6
       4
       4
       6
       1
       4
       5
       1
       8
       2
       2
       4
       3
       7
       3
       6
       0
       2
       4
       5
       5
       4
       3
       5
       1
       2
       0
       3
       2
       5
       5
       2
       1
       5
       3
       2
       4
       5
       3
       6
       3
       1
       2
       4
       3
       2
       1
       2
       3
       5
       3
       2
       4
       2
       5
       5
       5
       4
       5
       6
       9
       2
       4
       3
       3
       4
       4
       5
       4
       2
       6
       3
       0
       2
       5
       4
       6
       2
       4
       7
       8
       4
       0
       3
       4
       2
       4
       6
       4
       5
       3
       4
       2
       4
       2
       3
       7
       4
       7
       3
       7
       5
       5
       3
       3
       7
       4
       3
       3
       0
       2
       3
       1
       4
       9
       4
       5
       2
       5
       1
       2
       4
       5
       7
       1
       3
       3
       6
       2
       9
       4
       5
       5
       4
       1
       5
       3
       5
       3
       7
       3
       5
       3
       2
       5
       1
       2
       6
       4
       3
       6
       2
       4
       2
       3
       4
       2
       2
       2
       1
       3
       6
       1
       2
       1
       5
       0
       2
       4
       4
       0
       2
       5
       6
       3
       3
       6
       2
       3
       1
       4
       0
       4
       2
       1
       1
       3
       1
       3
       3
       2
       0
       1
       0
       1
       5
       3
       3
       1
       0
       0
       2
       2
       2
       4
       3
       1
       0
       2
       2
       3
       2
       3
       0
       2
       2
       3
       0
       1
       1
       1
       0
       4
       1
       1
       3
       0
       0
       1
       1
       1
       2
       1
       0
       0
       2
       2
       0
       2
       1
       3
       0
       0
       2
       0
       3
       2
       1
       3
       0
       2
       0
       2
       0
       3
       4
       2
       2
       2
       0
       1
       2
       1
       0
       1
       0
       1
       0
       0
       0
       3
       0
       0
       1
       2
       1
       1
       0
       1
       1
       0
       1
       1
       0
       0
       0
       3
       1
       0
       1
       2
       3
       1
       0
       0
       1
       1
       0
       1
       0
       0
       1
       1
       0
       1
       1
       0
       2
       1
       1
       1
       0
       2
       1
       1
       2
       0
       0
       0
       1
       2
       2
       0
       0
       2
       1
       2
       2
       0
       0
       2
       1
       1
       0
       1
       0
       1
       1
       0
       1
       0
       1
       0
       0
       1
       1
       0
       1
       1
       2
       0
       0
       1
       0
       0
       0
       0
       0
       0
       1
       1
       0
       0
       2
       1
       0
       0
       0
       0
       0
       0
       0
       0
       0
       1
       0
       0
       0
       0
       0
       0
       1
       2
       0
       0
       0
       0
       0
       1
       0
       1
       0
       0
       0
       0
       1
       0
       0
       1
       0
       0
       0
       0
       4
       1
       0
       1
       1
       0
       0
       2
       0
       1
       1
       1
       2
       0
       0
       1
       0
       0
       0
       0
       0
       0
       1
       2
       0
       0
       0
       0
       0
       1
       0
       1
       2
       1
       1
       0
       2
       1
       1
       0
       0
       0
       0
       0
       0
       0
       1
       0
       0
       0
       1
       1
       0
       1
       0
       1
       0
       1
       0
       2
       0
       0
       0
       0
       0
       0
       0
       0
       0
       1
       0
       0
       1
       1
       1
       0
       1
       0
       1
       1
       0
       0
       0
       1
       2
       1
       1
       0
       0
       0
       0
       1
       0
       2
       0
       0
       0
       3
       0
       0
       0
       0
       0
       0
       2
       1
       2
       0
       2
       1
       0
       0
       0
       0
       1
       1
       0
       0
       0
       1
       0
       1
       0
       0
       1
       0
       0
       1
       1
       0
       1
       0
       1
       0
       0
       0
       1
       0
       0
       0
       0
       2
       1
       0
       1
       0
       1
       0
       0
       0
       0
       0
       1
       0
       0
       1
       1
       0
       0
       0
       0
       0
       0
       0
       0
       1
       1
       0
       0
       0
       1
       0
       0
       0
       0
       0
       0
       1
       0
       1
       0
       2
       0
       0
       0
       0
       0
       0
       0
       0
       0
       0
       0
       1
       0
       0
       0
       0
       0
       2
       0
       1
       0
       1
       1
       1
       0
       0
       0
       1
       0
       0
       0
       0
       2
       0
       1
       0
       0
       0
       1
       0
       0
       0
       0
       1
       0
       0
       0
       0
       0
       1
       1
       0
       0
       1
       0
       0
       1
       1
       0
       0
       0
       0
       0
       0
       0
       0
       1
       2
       0
       1
       0
       0
       0
       1
       0
       0
       1
       0
       0
       0
       1
       1
       0
       0
       1
       2
       0
       0
       0
       0
       0
       0
       0
       0
       1
       1
       0
       1
       0
       0
       0
       0
       0
       0
       1
       0
       1
       0
       1
       0
       1
       0
       0
       1
       0
       1
       0
       0
       0
       0
       0
       0
       1
       0
       0
       2
       0
       1
       1
       0
       1
       1
       0
       1
       0
       0
       0
       1
       1
       1
       0
       2
       1
       0
       0
       0
       0
       3
       2
       0
       0
       0
       0
       0
       2
       0
       0
       0
       0
       0
       2
       0
       1
       0
       0
       1
       0
       0
       0
       1
       0
       2
       0
       0
       0
       0
       0
       0
       0
       0
       1
       1
       0
       1
       0
       3
       0
       0
       1
       1
       0
       0
       0
       0
       0
       0
       0
       1
       0
       0
       1
       0
       1
       0
       0
       0
       1
       0
       0
       0
       0
       0
       1
       1
       0
       0
       0
       0
       0
       0
       0
       0
       1
       0
       1
       1
       0
       0
       0
       0
       2
       0
       0
       1
       0
       0
       1
       0
       1
       0
       0
       0
       0
       2
       1
       0
       0
       1
       0
       0
       0
       0
       0
       1
       0
       0
       0
       0
       0
       0
       0
       1
       1
       0
       1
       0
       0
       0
       1
       1
       0
       1
       0
       1
       0
       0
       0
       1
       0
       0
       0
       0
       0
       0
       0
       0
       0
       2
       1
       0
       0
       0
       0
       1
       0
       0
       0
       0
       0
       0
       0
       0
       1
       0
       1
       1
       0
       0
       1
       0
       0
       2
       1
       0
       0
       0
       0
       0
       0
       0
       0
       0
       0
       0
       0
       0
       0
       0
       0
       0
       0
       0
       0
       0
       2
       1
       0
       1
       0
       0
       0
       2
       0
       0
       0
       2
       1
       0
       1
       0
       0
       0
       0
       0
       1
       0
       0
       1
       0
       0
       0
       0
       0
       0
       0
       0
       0
       0
       1
       1
       0
       2
       0
       1
       0
       0
       0
       0
       1
       1
       0
       0
       0
       0
       0
       0
       0
       0
       0
       0
       1
       0
       0
       1
       0
       1
       3
       1
       1
       1
       0
       1
       0
       0
       1
       0
       0
       0
       0
       0
       0
       0
       0
       0
       0
       0
       0
       0
       0
       0
       0
       0
       0
       0
       0
       2
       0
       0
       0
       0
       0
       0
       1
       0
       0
       0
       0
       0
       0
       0
       1
       1
       0
       0
       0
       0
       0
       0
       0
       0
       0
       1
       0
       1
       0
       0
       0
       1
       0
       0
       0
       0
       0
       0
       0
       0
       0
       0
       0
       0
       0
       0
       0
       0
       0
       0
       0
       0
       0
       1
       1
       0
       0
       0
       0
       0
       0
       0
       1
       0
       0
       0
       0
       1
       0
       0
       1
       0
       0
       0
       0
       0
       0
       0
       0
       0
       0
       0
       0
       0
       0
       0
       3
       0
       0
       1
       0
       1
       0
       0
       0
       0
       0
       0
       0
       0
       1
       0
       0
       0
       0
       0
       0
       0
       1
       0
       1
       1
       1
       0
       0
       0
       1
       0
       0
       1
       2
       0
       0
       0
       0
       2
       1
       0
       0
       0
       0
       2
       0
       0
       0
       0
       0
       1
       0
       0
       0
       0
       0
       0
       0
       0
       0
       0
       0
       1
       0
       0
       1
       0
       1
       0
       0
       0
       0
       0
       1
       0
       0
       0
       0
       0
       3
       0
       0
       0
       1
       0
       0
       0
       2
       1
       0
       0
       0
       0
       1
       0
       0
       1
       0
       0
       0
       1
       0
       0
       2
       0
       0
       0
       0
       0
       0
       0
       0
       0
       0
       0
       0
       0
       0
       0
       0
       0
       0
       0
       1
       1
       1
       0
       0
       0
       0
       0
       0
       0
       0
       0
       0
       0
       0
       0
       0
       1
       1
       0
       2
       0
       1
       0
       0
       0
       1
       0
       1
       0
       1
       0
       0
       0
       0
       1
       0
       0
       0
       1
       0
       1
       0
       0
       0
       0
       0
       0
       1
       0
       0
       1
       0
       0
       0
       0
       0
       0
       0
       1
       0
       0
       0
       1
       0
       0
       0
       1
       0
       0
       0
       0
       0
       0
       0
       1
       0
       0
       0
       0
       0
       0
       0
       0
       0
       0
       0
       0
       0
       1
       0
       1
       0
       0
       0
       0
       0
       0
       1
       0
       1
       0
       0
       0
       1
       1
       0
       0
       1
       0
       0
       0
       0
       1
       0
       0
       0
       0
       0
       0
       1
       0
       1
       0
       0
       0
       0
       0
       0
       0
       1
       0
       0
       0
       1
       0
       0
       0
       0
       1
       0
       0
       0
       1
       0
       0
       2
       0
       0
       0
       1
       0
       0
       1
       0
       0
       0
       0
       1
       0
       0
       0
       0
       0
       0
       0
       0
       0
       0
       0
       0
       0
       0
       1
       0
       0
       0
       0
       0
       0
       0
       0
       2
       0
       0
       0
       1
       0
       0
       0
       0
       1
       0
       0
       0
       0
       0
       1
       0
       0
       1
       0
       0
       0
       0
       0
       0
       1
       1
       0
       0
       0
       0
       0
       1
       0
       0
       2
       0
       1
       0
       0
       0
       1
       0
       0
       0
       0
       1
       0
       0
       0
       0
       1
       0
       0
       0
       1
       0
       0
       0
       0
       1
       0
       1
       0
       0
       0
       0
       0
       0
       0
       0
       0
       0
       1
       0
       0
       0
       1
       1
       0
       0
       0
       0
       0
       0
       0
       0
       0
       1
       0
       0
       1
       0
       0
       0
       0
       0
       0
       0
       0
       0
       0
       0
       1
       1
       0
       0
       0
       1
       0
       0
       0
       0
       0
       0
       0
       0
       0
       0
       0
       0
       0
       1
       0
       0
       0
       0
       0
       0
       0
       0
       0
       0
       0
       0
       0
       0
       0
       0
       0
       0
       0
       1
       0
       0
       0
       0
       0
       0
       0
       1
       0
       0
       0
       0
       0
       0
       0
       0
       0
       0
       0
       0
       0
       0
       0
       0
       0
       1
       0
       0
       0
       0
       0
       0
       0
       0
       0
       0
       0
       0
       0
       0
       1
       0
       0
       0
       0
       0
       0
       0
       0
       0
       0
       1
       0
       0
       0
       0
       0
       0
       0
       0
       0
       0
       0
       0
       0
       0
       1
       0
       0
       0
       0
       0
       0
       0
       0
       0
       0
       0
       0
       0
       0
       0
       0
       0
       0
       0
       0
       0
       1
       0
       0
       1
       0
       0
       0
       0
       0
       0
       0
       0
       0
       0
       0
       0
       0
       0
       0
       0
       0
       0
       0
       0
       1
       0
       0
       0
       0
       0
       0
       1
       0
       0
       0
       0
       0
       0
       0
       0
       0
       0
       0
       0
       0
       0
       0
       0
       0
       0
       1
       0
       0
       1
       0
       0
       0
       0
       0
       0
       0
       0
       0
       0
       0
       0
       0
       0
       0
       0
       0
       0
       0
       0
       0
       0
       0
       0
       0
       1
       0
       0
       0
       0
       0
       0
       1
       0
       0
       0
       0
       1
       0
       0
       0
       0
       0
       0
       1
       0
       0
       0
       0
       0
       0
       1
       0
       0
       0
       1
       0
       0
       1
       0
       0
       0
       0
       0
       0
       1
       0
       0
       0
       1
       0
       0
       0
       0
       0
       0
       0
       0
       0
       0
       1
       0
       0
       0
       0
       0
       0
       0
       0
       0
       0
       1
       0
       0
       0
       0
       0
       0
       0
       0
       0
       0
       0
       0
       0
       0
       0
       0
       0
       0
       0
       0
       0
       0
       0
       0
       0
       0
       0
       0
       0
       0
       0
       0
       0
       0
       0
       0
       0
       0
       0
       0
       0
       0
       0
       0
       0
       0
       0
       0
       0
       0
       0
       0
       0
       0
       0
       0
       0
       0
       0
       0
       0
       0
       0
       0
       0
       0
       0
       0
       0
       0
$ROI:
5
124 240
423 541
1806 2016
2479 2859
3179 3551
$PRESETS:
None
0
0
$ENER_FIT:
2.003927 0.156470
$MCA_CAL:
3
2.003927E+000 1.564700E-001 1.479025E-005 keV
$SHAPE_CAL:
3
3.500559E+001 4.560333E-002 5.119282E-006
