$SPEC_ID:
No sample description was entered.
$SPEC_REM:
DET# 2
DETDESC# FSGUNIV-O93LS3D Easy-MCA-8k SN 23293927
AP# Maestro Version 7.01
$DATE_MEA:
03/18/2024 09:50:03
$MEAS_TIM:
180 185
$DATA:
0 8191
       0
       0
       0
       0
       0
       0
       0
       0
       0
       1
       4
       2
       3
       3
       3
       0
       1
       1
       4
       5
       1
       1
       5
       3
       2
       5
       4
       6
       8
       9
       7
       6
       9
       9
      11
       9
      11
      14
      15
       9
       9
      13
      10
      10
       8
       3
      22
      40
      90
      73
     100
     104
      67
     100
      91
     107
      92
      93
     106
      76
     100
     107
      86
      85
      89
      75
      93
      90
     104
      99
     105
     116
      79
     113
      91
     102
      85
     100
      95
     104
      90
      92
      86
      86
      87
      68
      97
      97
      82
      99
      90
      97
      83
      99
      93
     106
     105
     110
     105
     102
      88
     110
     106
      97
     115
     100
     104
      88
     109
      99
     111
     101
      86
      96
     108
     114
     103
      98
     102
     117
      88
      94
     104
     107
     117
     108
     115
     104
      97
     110
     101
     108
     108
      94
      91
     117
     114
      97
     104
     122
     110
     121
     103
     108
     116
     109
     122
     116
     125
     119
     134
     102
     123
     116
     107
     123
     112
     126
     105
     134
     140
     132
     133
     120
     132
     126
     141
     134
     156
     157
     144
     141
     145
     171
     163
     144
     165
     167
     185
     163
     178
     195
     203
     166
     174
     195
     253
     202
     190
     223
     210
     242
     264
     267
     256
     284
     257
     299
     283
     310
     315
     350
     356
     320
     326
     353
     354
     358
     368
     392
     378
     417
     473
     485
     505
     484
     448
     508
     461
     513
     521
     544
     602
     578
     575
     622
     582
     691
     672
     726
     736
     741
     791
     774
     778
     764
     845
     887
     829
     905
     915
     962
     975
    1006
    1031
    1007
    1017
    1063
    1160
    1154
    1095
    1099
    1181
    1144
    1213
    1285
    1172
    1200
    1269
    1323
    1354
    1288
    1340
    1365
    1406
    1438
    1440
    1430
    1432
    1423
    1430
    1496
    1497
    1501
    1598
    1600
    1609
    1580
    1624
    1628
    1566
    1521
    1595
    1592
    1658
    1573
    1595
    1616
    1674
    1619
    1627
    1658
    1584
    1597
    1606
    1642
    1700
    1620
    1674
    1698
    1634
    1638
    1568
    1650
    1597
    1553
    1588
    1641
    1634
    1598
    1592
    1598
    1583
    1611
    1518
    1481
    1501
    1472
    1505
    1529
    1482
    1441
    1442
    1388
    1308
    1379
    1438
    1361
    1292
    1291
    1290
    1278
    1258
    1247
    1204
    1237
    1204
    1085
    1200
    1139
    1097
    1100
    1111
    1066
    1090
    1093
     990
     948
     981
     944
     948
     920
     943
     901
     824
     877
     863
     840
     846
     809
     821
     818
     723
     735
     772
     724
     694
     658
     705
     639
     620
     631
     672
     616
     570
     623
     535
     568
     521
     553
     560
     507
     544
     530
     492
     524
     468
     461
     481
     428
     470
     449
     407
     387
     442
     422
     371
     359
     362
     367
     336
     373
     292
     344
     325
     335
     309
     286
     325
     295
     300
     309
     272
     242
     286
     247
     252
     264
     277
     253
     237
     241
     207
     228
     238
     231
     255
     215
     195
     212
     207
     218
     212
     182
     208
     183
     202
     188
     190
     188
     181
     182
     188
     175
     185
     187
     169
     175
     197
     180
     181
     189
     173
     165
     167
     178
     192
     182
     175
     162
     177
     159
     187
     191
     173
     179
     165
     197
     160
     187
     196
     181
     194
     184
     180
     197
     169
     181
     209
     184
     187
     195
     202
     164
     201
     224
     186
     191
     229
     214
     211
     186
     182
     220
     230
     204
     202
     223
     222
     239
     196
     223
     199
     211
     231
     255
     245
     242
     199
     213
     245
     230
     260
     243
     233
     235
     245
     267
     221
     233
     269
     241
     251
     251
     241
     247
     241
     271
     243
     261
     272
     239
     236
     280
     210
     276
     262
     236
     246
     257
     273
     257
     258
     255
     241
     266
     268
     280
     290
     277
     280
     229
     293
     290
     264
     281
     278
     277
     248
     267
     285
     274
     264
     283
     270
     238
     252
     254
     306
     317
     268
     295
     283
     268
     296
     259
     308
     277
     250
     263
     250
     266
     273
     268
     284
     273
     248
     288
     274
     262
     257
     262
     269
     278
     241
     292
     277
     248
     275
     268
     268
     271
     278
     259
     272
     267
     270
     244
     276
     289
     231
     284
     236
     264
     258
     253
     258
     230
     258
     242
     242
     241
     243
     270
     280
     256
     294
     228
     245
     214
     249
     251
     273
     251
     234
     256
     262
     233
     265
     253
     231
     246
     264
     278
     252
     255
     245
     230
     222
     225
     242
     240
     241
     253
     220
     237
     241
     217
     244
     247
     261
     233
     256
     246
     245
     224
     215
     210
     241
     216
     265
     202
     221
     260
     229
     246
     264
     247
     235
     223
     222
     239
     218
     244
     249
     247
     257
     276
     214
     242
     229
     231
     267
     265
     229
     260
     252
     247
     285
     246
     254
     269
     262
     253
     248
     272
     257
     253
     279
     271
     257
     244
     252
     289
     296
     256
     278
     271
     234
     240
     251
     256
     265
     261
     292
     298
     298
     283
     317
     282
     255
     288
     288
     295
     319
     314
     283
     312
     310
     301
     294
     316
     324
     291
     298
     318
     302
     315
     298
     312
     301
     319
     348
     316
     356
     334
     322
     336
     332
     301
     338
     361
     336
     343
     354
     357
     350
     356
     357
     351
     350
     366
     384
     363
     369
     384
     395
     380
     395
     422
     401
     399
     412
     392
     387
     421
     415
     450
     432
     476
     464
     446
     458
     443
     455
     489
     496
     478
     467
     507
     515
     514
     518
     511
     502
     503
     544
     528
     536
     501
     553
     512
     553
     565
     574
     597
     592
     606
     599
     640
     665
     574
     644
     701
     649
     687
     641
     669
     689
     656
     669
     687
     642
     715
     731
     691
     754
     666
     773
     808
     755
     725
     746
     787
     795
     786
     824
     796
     871
     850
     818
     869
     837
     859
     882
     876
     909
     943
     917
     941
     926
     970
    1012
    1024
    1078
     982
     991
    1008
    1020
    1008
    1021
    1039
    1011
    1042
    1064
    1041
    1090
    1085
    1022
    1122
    1112
    1146
    1158
    1167
    1133
    1156
    1101
    1134
    1129
    1163
    1133
    1222
    1179
    1180
    1216
    1195
    1210
    1200
    1201
    1247
    1272
    1241
    1245
    1253
    1273
    1208
    1266
    1214
    1264
    1229
    1265
    1343
    1318
    1268
    1228
    1279
    1341
    1228
    1264
    1274
    1305
    1368
    1295
    1234
    1264
    1319
    1316
    1231
    1257
    1298
    1261
    1260
    1286
    1265
    1269
    1224
    1226
    1256
    1249
    1332
    1280
    1258
    1250
    1238
    1226
    1242
    1214
    1181
    1210
    1219
    1225
    1199
    1225
    1163
    1191
    1238
    1186
    1175
    1213
    1148
    1170
    1067
    1114
    1130
    1073
    1093
    1114
    1092
    1048
    1065
    1042
    1084
    1042
    1057
    1002
    1027
    1071
    1021
     979
    1002
     991
     990
     964
     934
     937
     900
     990
     995
     940
     897
     878
     847
     868
     829
     857
     828
     871
     834
     861
     788
     818
     806
     752
     719
     753
     783
     758
     699
     741
     714
     677
     695
     689
     684
     655
     613
     653
     619
     631
     590
     577
     544
     633
     617
     609
     520
     543
     520
     540
     489
     523
     509
     483
     476
     468
     457
     480
     499
     454
     437
     423
     457
     394
     430
     409
     380
     374
     384
     357
     405
     327
     344
     311
     349
     342
     366
     325
     305
     320
     296
     294
     271
     302
     291
     278
     255
     298
     250
     276
     260
     221
     271
     259
     231
     252
     248
     201
     242
     222
     212
     221
     218
     231
     219
     199
     184
     191
     155
     169
     184
     170
     176
     198
     146
     153
     163
     170
     131
     156
     131
     153
     176
     160
     141
     137
     148
     142
     163
     128
     158
     146
     141
     116
     121
     139
     135
     112
     137
     135
     129
     142
     116
     123
     117
     110
     119
     111
     136
     131
     112
     110
     146
     122
     104
     114
     129
     112
     107
     104
     114
     129
      99
     107
     120
      99
     111
      90
     114
      93
     113
     103
      78
     106
      93
      97
     102
      95
      85
      92
      99
     102
      98
     100
     103
      88
     103
      95
     108
      84
     100
      88
      72
     103
      90
      92
      95
      76
      89
      92
      74
      74
     102
     110
      83
      87
      95
      90
      98
      80
      91
      89
      93
     101
     111
      90
     108
     105
      88
     111
      91
      97
      97
      98
     103
      94
      87
      92
     112
     101
      89
     103
     101
      98
      94
      93
     121
     108
     104
     109
      78
     106
      99
      99
      95
      98
      97
      94
     109
     102
      83
      99
      89
     114
      93
      98
     106
     105
      90
      91
     103
      92
     100
      75
      78
      94
     117
      94
     113
     105
     119
      95
     102
      91
     113
     115
      99
     100
      94
     105
     133
     113
     128
      93
     107
     103
      98
     119
     112
     100
     114
     112
     116
     114
     125
     106
      96
     110
     116
     107
     108
     101
     108
     118
     101
     116
     127
      97
     109
     119
     106
     105
     110
      96
     122
     122
     108
     118
     118
     113
     118
     109
     115
     111
     122
      89
     130
     112
     123
     105
     120
     103
     134
      92
     109
     116
     121
     131
     111
     120
     116
     110
     133
     125
     107
     121
     102
     117
     104
     125
     120
     124
     137
     132
     103
     123
     130
     124
     108
     127
     129
     119
     117
     106
     131
     114
     126
     107
     124
     125
     106
     119
     137
     115
     120
     113
     103
     137
      89
     105
     143
     115
     110
     117
     142
     112
     117
      99
     132
     121
     108
      99
     119
     112
     127
     104
     116
     109
     118
     134
     131
      85
     117
     128
     126
     141
     114
     141
     130
     101
     114
     108
     109
     120
     124
     110
     105
     102
      96
     122
     129
     108
     120
     114
     105
     119
     109
     122
     142
     113
     124
     106
     112
     117
     113
     127
     112
     110
     117
     121
     136
     109
     106
     104
      88
     120
     116
     126
     111
      98
     124
     112
      97
     111
      98
     114
     109
     120
     107
     103
     112
     112
     103
     122
     116
     120
     117
     103
     116
     138
      95
     115
      96
      97
     112
      94
     101
     110
      93
     114
     102
     116
     108
      96
      96
     107
     104
     115
     103
     111
     105
     111
     113
     102
     104
     118
     125
     107
     115
      91
     108
     121
     125
     105
      96
     121
     128
     132
     105
     120
     104
     120
      95
     110
      99
     108
      97
     106
     147
     118
      94
     102
     106
      92
     122
     119
     103
     102
      87
     107
     105
     112
     106
     108
     125
     131
     114
     104
     121
     114
     110
     102
     109
     103
     128
      99
      94
     102
     103
     117
     109
     108
     116
     107
     129
     119
      95
     102
     100
     107
      87
     106
     127
     106
     118
      86
     113
      96
     122
     107
     104
     109
     127
     117
      87
     106
     119
      94
     116
     124
      87
     113
     118
     117
     108
     110
     139
     112
      90
     122
      93
     119
     121
     125
      99
     122
     119
     114
     109
     109
     107
     130
     104
     118
     125
     112
     123
     103
     140
     124
     127
     118
     133
     125
     118
     112
     116
     123
      84
     133
     126
     133
     121
     130
     113
     102
     118
     118
     117
     110
     115
     113
     104
     156
     124
     117
     118
     135
     110
     151
     124
     112
     111
     127
     153
     108
     116
     112
     119
     109
     122
     130
     111
      98
     107
     122
     139
     124
     111
     111
     113
     106
     147
     130
     110
     107
     119
     121
     122
     139
     129
     125
     142
     132
     123
     115
     130
     132
     116
     135
     153
     145
     113
     126
     116
     140
     133
     138
     129
     127
     122
     111
     109
     150
     121
     125
     117
     143
     127
     141
     117
     130
     138
     133
     125
     118
     126
     126
     135
     124
     132
     144
     151
     136
     121
     115
     112
     148
     151
     124
     150
     120
     131
     141
     119
     136
     118
     135
     131
     146
     121
     147
     127
     122
     126
     127
     144
     146
     148
     138
     128
     136
     155
     120
     146
     165
     129
     137
     147
     136
     135
     119
     152
     127
     143
     144
     130
     139
     131
     133
     141
     138
     127
     133
     145
     121
     110
     153
     144
     128
     138
     135
     134
     132
     127
     127
     132
     138
     148
     125
     145
     131
     149
     148
     156
     127
     130
     152
     127
     157
     149
     135
     121
     134
     135
     142
     149
     139
     154
     135
     126
     150
     133
     138
     163
     138
     131
     152
     135
     170
     146
     151
     128
     137
     163
     157
     135
     165
     145
     138
     119
     170
     148
     140
     155
     146
     135
     145
     139
     127
     156
     159
     147
     142
     127
     136
     148
     140
     139
     118
     125
     174
     153
     137
     154
     150
     119
     123
     161
     125
     164
     151
     148
     146
     130
     151
     141
     138
     152
     147
     138
     140
     147
     162
     128
     125
     154
     128
     139
     126
     135
     144
     148
     154
     119
     133
     141
     129
     151
     133
     137
     144
     133
     131
     149
     129
     136
     129
     131
     130
     143
     132
     152
     133
     133
     131
     142
     143
     141
     129
     142
     139
     136
     129
     132
     131
     134
     145
     142
     155
     156
     131
     129
     136
     139
     113
     127
     140
     146
     138
     145
     133
     139
     127
     143
     128
     130
     138
     130
     128
     136
     120
     139
     121
     146
     127
     128
     139
     130
     129
     130
     140
     145
     137
     135
     110
     138
     141
     115
     125
     117
     119
     129
     115
     135
     109
     129
     159
     120
     125
     117
     125
     141
     129
     127
     127
     120
     124
     107
     151
     131
     128
     113
     132
     127
     121
     139
     135
     130
     119
     125
     113
     110
     125
     142
     131
     135
     132
     121
     135
     126
     131
     136
     132
     121
     120
     105
     116
     118
     125
     100
     139
     123
     120
     129
     108
     122
     142
     109
     115
     138
     136
     135
     134
     110
     115
     116
     133
     126
     116
     120
      86
     129
     114
     121
     131
     114
     108
     118
     104
     112
     106
     114
      95
     116
     123
     133
     110
     112
     122
     131
      97
     141
     100
     123
      89
     103
      82
     126
     122
     138
      95
     107
     103
     123
     117
     110
     123
     130
     123
     105
     128
     118
     123
     129
     103
     116
     106
      95
      86
     111
     101
     122
     115
     105
     106
     112
      92
     101
     111
      96
     111
     130
     116
     104
     111
     114
     110
     116
     117
     125
     114
     125
     107
     114
     104
     128
      91
     106
     112
     109
     108
      83
     108
     106
     105
     102
     107
     105
     108
     121
     115
     113
     112
     107
      92
     111
     119
      97
     122
     107
     113
     113
     114
     115
     107
     111
     128
     108
     129
      93
     119
     117
      93
     108
      96
     124
      88
      96
      94
     107
     106
     115
      90
     105
     112
     109
      89
     105
     103
     109
     105
      93
      98
     114
     109
     103
      99
     102
     119
     119
      97
      98
     106
      96
     112
     114
     122
      92
     106
      95
      87
     108
     110
      86
     112
     116
     103
     101
     115
     102
     108
      88
     102
     100
     109
     121
      85
     106
     120
      86
      99
      87
     107
      96
     106
      95
     124
      88
     114
     110
     114
     102
     100
     113
      93
      94
     116
     101
     124
     101
      99
      98
     113
      90
      91
     116
     100
     103
      86
      97
      90
      93
      91
      98
      94
     103
      89
     108
      96
      87
      99
      89
     108
      85
     110
      82
     110
      90
      89
     108
      92
     108
     101
     105
      97
     105
     102
      90
      98
      90
      78
     100
     100
      83
      71
      96
      92
     103
     112
     107
     104
      85
      93
      85
     102
      98
     106
      85
      90
      92
     109
      94
      89
     103
     109
      94
     105
     104
      90
     103
      83
      85
      90
      82
     102
      93
      74
      69
     104
      92
      95
      98
     102
      87
      78
      86
      86
      95
     103
      91
      97
      81
      99
      92
      81
      97
      98
      89
      72
      83
      93
      87
      83
      69
      88
      92
      75
      87
      91
      75
     106
      95
     104
      79
      89
      89
      94
      85
     100
      72
      84
      78
      79
      94
      94
      94
      87
      84
      97
      78
      92
      80
      86
      82
     104
      91
      90
      67
      84
      90
      88
      73
      85
      75
      72
      87
      97
      93
      86
      84
      81
      88
      78
      88
      88
      99
      81
      78
      90
      84
      89
      85
      85
      80
      85
      74
      97
      73
      90
      96
      74
      73
      85
      81
      67
      76
      87
      78
      90
      91
      92
      84
      81
      75
      73
      76
      84
      80
      61
      92
      55
      64
      70
      78
      73
      65
      77
      81
      76
      80
     102
      81
      85
      66
      80
      64
      88
      74
      71
      78
      73
      76
      53
      74
      78
      79
      93
      58
      64
      79
      77
      81
      70
      92
      68
      78
      77
      81
      93
      91
      79
      76
      83
      80
      70
      78
      72
      81
      76
      70
      70
      81
      85
      70
      67
      71
      73
      65
      72
      93
      75
      71
      81
      74
      76
      79
      67
      54
      82
      88
      68
      79
      52
      74
      83
      70
      81
      75
      72
      81
      71
      78
      68
      81
      85
      73
      62
      82
      78
      81
      66
      60
      75
      57
      65
      86
      62
      71
      76
      68
      63
      86
      75
      85
      68
      78
      71
      76
      65
      71
      64
      86
      80
      83
      64
      65
      60
      80
      68
      85
      75
      75
      59
      86
      77
      72
      76
      66
      55
      68
      70
      60
      70
      72
      64
      86
      79
      69
      67
      68
      47
      81
      70
      72
      60
      70
      63
      58
      60
      54
      59
      67
      72
      65
      85
      69
      64
      58
      84
      66
      81
      68
      58
      78
      71
      74
      71
      75
      62
      51
      77
      64
      78
      78
      69
      70
      55
      71
      74
      72
      70
      68
      80
      74
      64
      72
      75
      85
      58
      76
      68
      64
      52
      83
      67
      62
      81
      65
      69
      53
      62
      69
      73
      61
      74
      74
      53
      61
      63
      65
      63
      81
      70
      66
      66
      67
      70
      65
      72
      65
      69
      78
      62
      62
      65
      66
      66
      70
      66
      60
      79
      63
      55
      76
      73
      71
      78
      74
      55
      74
      77
      71
      73
      71
      57
      53
      75
      67
      62
      73
      72
      87
      60
      66
      60
      60
      63
      73
      53
      56
      66
      68
      55
      57
      78
      63
      62
      81
      65
      66
      63
      81
      83
      74
      60
      73
      65
      71
      74
      56
      71
      71
      63
      54
      60
      49
      69
      76
      70
      75
      68
      61
      63
      58
      61
      68
      67
      65
      55
      65
      66
      63
      74
      64
      67
      61
      61
      70
      59
      68
      69
      68
      71
      56
      73
      77
      57
      59
      62
      53
      54
      57
      61
      79
      64
      61
      63
      67
      66
      50
      54
      80
      74
      66
      58
      60
      66
      64
      66
      67
      70
      66
      52
      83
      65
      64
      66
      68
      73
      68
      60
      70
      62
      73
      70
      72
      70
      71
      58
      57
      78
      76
      56
      62
      71
      70
      56
      56
      62
      76
      67
      76
      93
      56
      63
      69
      64
      62
      76
      66
      69
      56
      63
      68
      62
      73
      49
      85
      56
      70
      66
      56
      75
      65
      59
      70
      71
      63
      64
      60
      71
      61
      63
      76
      75
      72
      61
      75
      83
      77
      83
      53
      60
      68
      65
      65
      65
      66
      55
      60
      75
      70
      70
      71
      59
      69
      62
      67
      67
      71
      64
      69
      80
      70
      64
      76
      59
      67
      72
      63
      85
      69
      66
      70
      86
      65
      76
      70
      82
      65
      66
      97
      71
      76
      71
      71
      59
      63
      80
      67
      65
      79
      56
      80
      71
      71
      70
      81
      73
      74
      64
      70
      75
      69
      72
      69
      63
      82
      79
      64
      70
      79
      64
      74
      84
      59
      90
      77
      81
      67
      61
      70
      92
      80
      60
      81
      68
      86
      78
      64
      86
      86
      81
      83
      79
      64
      93
      79
      92
      85
      89
      98
      58
      85
      94
      72
      83
      89
      95
      90
      79
      84
      87
      88
      88
      82
     103
      92
      78
      77
      86
      77
      83
      85
      85
     100
      90
      87
     115
      81
      67
     100
      84
      84
      81
      84
      71
      92
     101
      92
      90
      87
      85
      92
      99
     107
      94
     107
      80
      84
      95
      85
      93
      89
      94
      79
      91
     101
      89
     104
      99
     108
      92
      83
      97
     104
      95
      99
     103
      96
     104
      96
      99
     100
      86
      97
      94
      95
      89
     102
     103
     110
     105
     102
     106
     100
     101
      93
     111
     117
      89
      85
     106
     109
     101
      81
      95
     110
      96
      91
     109
     106
     132
      95
     105
      99
     112
     122
     115
     108
     100
     111
     114
     103
     104
     117
     107
     107
      99
      88
     112
     107
     111
     122
     101
     111
     105
     108
     105
     116
     113
     114
     113
     103
     111
     123
     116
     116
     124
     111
     133
     116
     117
     128
     126
     123
     117
     124
     102
     130
     114
     106
     109
     107
     108
     145
     128
     107
     107
     118
     118
     148
     105
     116
     118
     137
     132
     108
     122
     111
     136
     116
     110
     142
     142
     111
     135
     123
     121
     135
     126
     125
     123
     121
     114
     121
     118
     145
     114
     128
     140
     110
     117
     124
     109
     133
     141
     148
     114
     119
     150
     142
     140
     120
     143
     110
     130
     120
     117
     129
     145
     127
     142
     131
     143
     123
     122
     133
     119
     139
     124
     132
     142
     117
     137
     138
     121
     137
     150
     139
     144
     137
     137
     135
     112
     133
     126
     137
     135
     133
     134
     149
     149
     129
     136
     116
     143
     118
     144
     148
     148
     138
     157
     132
     139
     144
     134
     136
     126
     151
     139
     133
     145
     178
     154
     135
     145
     135
     164
     152
     151
     137
     144
     121
     131
     131
     128
     145
     172
     155
     157
     157
     135
     129
     151
     155
     146
     143
     153
     161
     184
     156
     149
     148
     165
     149
     138
     181
     160
     156
     167
     139
     137
     143
     161
     152
     170
     124
     154
     137
     158
     146
     162
     167
     156
     164
     142
     151
     177
     156
     135
     149
     175
     146
     181
     163
     172
     160
     155
     168
     148
     166
     180
     155
     160
     171
     156
     152
     171
     167
     171
     133
     166
     166
     156
     174
     161
     172
     165
     145
     165
     164
     147
     148
     160
     167
     174
     181
     184
     167
     170
     156
     163
     176
     144
     185
     152
     145
     159
     140
     154
     173
     172
     186
     185
     131
     167
     178
     180
     179
     185
     150
     163
     155
     165
     168
     186
     186
     177
     185
     180
     162
     157
     168
     168
     170
     186
     185
     146
     151
     140
     180
     184
     183
     193
     171
     188
     178
     177
     166
     171
     183
     166
     182
     197
     184
     202
     149
     160
     186
     164
     193
     165
     191
     191
     166
     168
     169
     164
     168
     170
     171
     174
     163
     194
     165
     176
     159
     190
     177
     168
     166
     163
     176
     183
     168
     213
     160
     179
     169
     177
     169
     197
     175
     188
     170
     181
     202
     161
     183
     191
     154
     174
     187
     175
     198
     176
     177
     183
     162
     167
     154
     209
     146
     159
     189
     210
     166
     167
     158
     148
     185
     170
     198
     155
     157
     189
     169
     195
     203
     183
     179
     196
     162
     185
     173
     159
     154
     169
     168
     185
     180
     188
     167
     187
     165
     166
     178
     201
     180
     178
     158
     181
     172
     164
     167
     166
     163
     170
     170
     168
     179
     179
     184
     163
     168
     171
     176
     172
     206
     168
     159
     160
     181
     207
     150
     158
     159
     186
     176
     159
     183
     170
     191
     161
     184
     176
     174
     152
     173
     173
     157
     173
     165
     160
     152
     163
     173
     151
     178
     143
     151
     177
     193
     177
     146
     157
     177
     163
     174
     162
     151
     167
     145
     155
     152
     149
     157
     145
     150
     164
     154
     158
     155
     147
     160
     157
     136
     192
     144
     167
     158
     151
     146
     157
     169
     141
     149
     115
     151
     152
     144
     161
     163
     149
     140
     157
     150
     156
     163
     139
     147
     178
     152
     150
     133
     134
     151
     139
     156
     142
     144
     145
     144
     137
     144
     181
     161
     182
     143
     156
     155
     165
     161
     153
     129
     165
     149
     140
     136
     151
     148
     149
     143
     147
     156
     159
     131
     138
     157
     152
     137
     166
     148
     137
     151
     152
     131
     129
     149
     154
     133
     140
     154
     146
     134
     146
     163
     145
     141
     146
     157
     148
     136
     163
     161
     125
     144
     155
     118
     145
     155
     152
     138
     154
     149
     126
     154
     146
     145
     145
     128
     144
     145
     149
     138
     161
     139
     127
     145
     125
     154
     116
     127
     138
     145
     145
     165
     134
     154
     162
     151
     143
     124
     158
     161
     124
     146
     163
     145
     145
     130
     154
     156
     157
     123
     157
     163
     103
     147
     147
     145
     142
     151
     146
     128
     152
     148
     170
     146
     144
     148
     160
     155
     155
     139
     169
     142
     149
     149
     155
     170
     160
     153
     123
     172
     160
     144
     141
     137
     135
     159
     137
     165
     146
     141
     147
     141
     175
     159
     162
     160
     161
     153
     154
     172
     153
     168
     198
     162
     141
     175
     176
     178
     173
     174
     182
     153
     168
     160
     183
     178
     171
     177
     172
     178
     188
     163
     166
     166
     190
     187
     184
     183
     169
     192
     200
     175
     177
     169
     174
     192
     196
     181
     171
     198
     198
     166
     171
     182
     189
     182
     188
     153
     199
     192
     202
     214
     218
     187
     192
     184
     211
     212
     208
     227
     185
     203
     182
     196
     206
     183
     197
     189
     229
     209
     189
     198
     199
     223
     243
     194
     207
     230
     236
     230
     208
     218
     210
     217
     193
     252
     215
     223
     230
     234
     237
     221
     220
     203
     211
     212
     235
     232
     228
     269
     226
     233
     239
     216
     256
     222
     246
     217
     238
     242
     252
     230
     236
     284
     235
     278
     237
     239
     241
     218
     264
     260
     263
     259
     239
     279
     274
     254
     261
     270
     262
     243
     273
     257
     244
     267
     257
     265
     300
     258
     245
     274
     255
     243
     304
     274
     261
     298
     245
     252
     274
     268
     291
     270
     279
     294
     244
     288
     266
     291
     289
     283
     308
     298
     263
     252
     283
     332
     332
     290
     265
     299
     292
     267
     296
     275
     320
     271
     260
     319
     277
     293
     263
     310
     292
     306
     315
     297
     302
     324
     317
     315
     298
     300
     324
     314
     324
     319
     294
     310
     282
     291
     292
     296
     329
     270
     322
     329
     320
     308
     337
     304
     306
     301
     318
     296
     319
     317
     340
     306
     329
     316
     308
     341
     317
     279
     308
     306
     281
     351
     279
     325
     347
     321
     306
     331
     343
     305
     357
     339
     363
     322
     308
     358
     337
     336
     314
     313
     377
     293
     318
     308
     339
     342
     320
     312
     312
     338
     352
     373
     330
     311
     303
     302
     308
     295
     308
     318
     314
     350
     306
     335
     327
     331
     328
     282
     321
     298
     334
     348
     332
     303
     321
     310
     329
     331
     326
     320
     349
     312
     331
     345
     341
     328
     355
     322
     325
     301
     307
     311
     354
     339
     330
     339
     324
     324
     332
     340
     336
     326
     366
     300
     297
     302
     320
     315
     309
     330
     338
     316
     317
     317
     341
     308
     302
     302
     314
     336
     305
     309
     322
     303
     317
     302
     305
     330
     349
     302
     299
     330
     318
     322
     287
     283
     321
     316
     329
     307
     300
     298
     278
     310
     317
     269
     296
     269
     299
     319
     317
     289
     327
     293
     299
     264
     281
     319
     322
     262
     288
     274
     260
     278
     255
     312
     297
     256
     285
     277
     287
     250
     268
     280
     283
     268
     264
     271
     275
     252
     272
     267
     283
     276
     277
     285
     269
     272
     290
     284
     261
     274
     282
     294
     290
     274
     281
     270
     263
     266
     281
     232
     272
     248
     273
     277
     258
     265
     244
     241
     245
     232
     241
     263
     274
     254
     252
     252
     249
     242
     259
     235
     259
     277
     269
     243
     217
     249
     252
     220
     238
     264
     227
     235
     221
     238
     234
     224
     217
     227
     255
     208
     224
     238
     210
     223
     214
     237
     206
     208
     222
     232
     221
     216
     220
     241
     225
     214
     241
     224
     183
     209
     218
     195
     201
     216
     189
     221
     203
     184
     188
     192
     213
     204
     211
     229
     189
     195
     208
     191
     233
     186
     211
     189
     217
     214
     182
     161
     163
     194
     179
     170
     174
     187
     176
     169
     173
     183
     181
     158
     169
     184
     176
     173
     173
     145
     160
     167
     171
     152
     182
     164
     162
     192
     184
     177
     153
     167
     163
     162
     150
     151
     150
     155
     139
     160
     164
     161
     141
     163
     154
     168
     150
     154
     140
     140
     130
     143
     158
     167
     131
     145
     131
     151
     136
     120
     157
     138
     130
     125
     121
     144
     109
     139
     123
     125
     134
     119
     107
     131
     142
     116
     114
     124
     115
     136
     108
     116
     145
     158
     123
     117
     106
     119
     141
     114
     104
     114
     119
     113
     117
     120
     113
     104
      92
     112
     109
     117
     122
     112
     108
     110
     109
     119
     109
     100
     117
     103
     107
      99
     102
     103
     113
      88
     103
     101
      89
     121
      99
     101
      94
     109
      93
      90
     110
      96
     100
      86
      88
     100
      90
      81
     105
      93
      90
      85
      87
     110
      91
      90
     101
      85
      95
      90
      93
      74
      79
      87
      91
      95
      87
      71
      82
      92
      77
      79
      91
      80
      83
      69
      73
      79
      90
      83
      75
      88
      91
      81
      76
      79
      60
      78
      81
      79
      52
      72
      75
      58
      66
      72
      80
      81
      67
      83
      73
      91
      76
      58
      65
      45
      62
      66
      60
      55
      64
      60
      68
      61
      58
      68
      66
      54
      75
      76
      54
      69
      67
      66
      61
      71
      62
      65
      58
      62
      56
      72
      61
      57
      56
      51
      65
      65
      42
      54
      55
      44
      45
      63
      68
      50
      58
      69
      49
      34
      47
      63
      51
      59
      50
      54
      58
      62
      56
      58
      48
      50
      50
      51
      45
      66
      50
      45
      45
      63
      52
      52
      42
      50
      46
      50
      54
      51
      40
      50
      64
      56
      48
      36
      45
      54
      42
      35
      47
      37
      41
      57
      42
      47
      44
      38
      43
      44
      26
      43
      38
      40
      35
      41
      46
      37
      33
      50
      43
      44
      38
      37
      35
      36
      45
      45
      39
      53
      32
      36
      41
      51
      37
      35
      47
      46
      33
      39
      34
      43
      37
      24
      33
      36
      36
      35
      42
      36
      33
      34
      41
      42
      45
      46
      28
      28
      32
      38
      42
      27
      36
      32
      26
      23
      36
      22
      43
      29
      36
      39
      33
      39
      23
      36
      38
      29
      35
      31
      32
      35
      28
      38
      24
      30
      27
      35
      21
      33
      22
      21
      23
      32
      29
      23
      28
      32
      30
      21
      30
      34
      32
      17
      18
      33
      25
      26
      24
      21
      16
      21
      25
      19
      19
      18
      20
      24
      16
      22
      18
      22
      31
      26
      20
      25
      21
      23
      25
      36
      23
      21
      20
      29
      23
      25
      27
      30
      25
      29
      19
      29
      26
      13
      19
      27
      15
      13
      13
      22
      15
      35
      19
      26
      26
      19
      25
      14
      23
      24
      19
      15
       8
      24
      20
      21
      28
      13
      22
      31
      22
      16
      21
      28
      19
      14
      22
      20
      26
      22
      17
      16
      13
      19
      11
      17
      21
      14
      23
      12
      16
      22
      23
      18
      16
      21
      15
      18
      15
      25
      15
      13
      14
      17
      14
      20
      15
      26
      16
      16
      16
      11
      20
      19
      18
      21
      20
      17
      16
      20
      15
      18
      19
      17
      23
      22
      16
      16
      17
      28
      12
      13
      20
      20
      22
      20
      25
      20
      18
      19
      12
      24
      12
      14
      15
      20
      20
      16
      16
      15
      20
      26
      18
      14
      12
      19
      11
      17
      13
      23
      19
      17
      19
      10
      13
      16
      17
      14
      17
      13
      14
      20
      12
      19
      16
      13
      15
      21
      10
      13
      22
      23
      21
      15
      16
      16
      16
      22
      11
       8
      17
      13
      16
      19
      14
      10
      13
      13
      21
      19
      16
      25
      12
      22
      16
      11
      15
      19
      12
      16
      10
      18
      18
      26
      12
      15
      14
      17
      17
      17
       9
      17
      26
      11
      16
      23
      17
      15
      14
      14
      17
      13
      18
      18
      15
      16
      11
       7
      21
      16
      15
      20
      18
      14
      17
      13
      17
      12
      16
      17
      17
      11
      14
      14
      16
      21
      14
      20
      22
      17
      15
      15
      21
      18
      20
      12
      23
      22
      22
      16
      17
      13
      15
      12
      18
      16
      17
      23
      19
      17
      13
      10
      11
      14
      21
      23
      17
      17
      20
      11
      13
       8
      25
      15
      20
      18
      21
      18
      13
      14
      22
      14
      22
      21
      11
      21
      14
      27
      19
      12
      19
      15
      12
      20
       9
      17
      19
      19
      17
      12
      17
      15
      21
      20
      19
      13
      24
      18
      14
      15
      20
      18
      14
      16
      19
      11
      19
      14
      18
      11
      28
      24
      20
      18
      18
      15
       6
      14
      17
      22
      12
      20
      14
      12
      22
      16
      27
      19
      17
      12
      17
      12
      14
      19
      20
      23
      24
      21
      21
      20
      23
      19
      12
      17
      24
      11
      14
      11
      16
      18
      14
      21
      23
      13
      20
       9
      19
      14
      14
      14
      16
      20
      18
      23
      17
      17
       9
      12
      25
      14
      13
      24
      19
      15
      15
      22
      17
      18
      14
      16
      17
      13
      14
      13
      15
      13
      18
      15
      16
      22
      17
      16
      15
      18
      12
       9
      16
      19
      18
      18
      21
      15
      14
      16
       9
      15
      19
      17
      12
      19
      12
      14
      15
      15
      11
      13
      26
      17
      17
      15
      15
      15
      16
      14
      14
      19
      11
      10
      10
      14
      16
      14
      20
      11
      15
      14
      19
      14
      18
      15
      13
      15
      12
      16
      13
      15
      11
      19
      13
      11
      25
      21
      10
      13
      12
       8
      14
      14
      12
      10
      10
       7
      20
       9
      12
      20
      17
      16
      21
      14
      13
       9
      10
       9
      11
       8
      16
       7
      16
      15
      14
      17
      22
      12
       9
       7
      13
       5
       9
       9
      15
      13
      11
      12
      12
      11
       6
      10
      16
       9
      11
      14
      15
      11
      11
       8
       8
      12
      13
      13
      10
      16
       9
      10
       7
       9
       6
       6
      10
       6
       8
       8
       7
       8
      11
      12
       8
       7
       9
      13
       3
      11
       9
      10
      12
      13
       9
       9
       4
      10
       7
       6
      10
      10
       8
       7
       6
       6
       5
       7
      13
       9
       6
       9
       9
       8
       7
       9
       6
      12
       6
      11
       8
       7
       5
       6
       8
       8
       8
       9
       9
       9
       8
       5
       4
       6
       6
       7
      10
       4
       6
       6
       2
       9
      11
       4
      13
       8
       6
       2
       6
       8
       6
       9
       6
      11
       7
       5
       6
       8
       7
       7
       6
       4
       3
       7
       8
      11
       6
       5
      11
       4
       3
       5
       4
       6
      11
       2
       9
       7
       9
       7
       8
       6
       7
       5
       5
       7
       5
      10
       5
       3
       2
      10
       3
       5
       4
       7
       6
       7
      11
       2
      10
       4
       3
       3
       2
       6
       4
       4
       6
      10
       2
       5
       1
       2
       5
       8
       8
       5
       5
       3
       3
       2
       1
       9
       1
       7
       6
       6
       5
       3
       7
       7
       3
       9
       6
       5
       9
       4
       8
       2
       3
       5
       5
       8
       4
       1
       2
      10
       4
       4
       4
       3
       3
       6
       1
       4
       1
       4
       5
       4
       3
       0
       4
       3
       6
       6
       7
       3
       3
       6
       3
       5
       3
       5
       3
       3
       4
       6
       3
       2
       5
       1
       2
       2
       5
       2
       4
       0
       3
       2
       2
       3
       1
       3
       3
       4
       1
       3
       1
       4
       3
       2
       2
       3
       2
       2
       2
       2
       3
       5
       0
       0
       3
       4
       1
       2
       2
       2
       4
       1
       1
       4
       1
       0
       1
       2
       1
       2
       6
       0
       2
       2
       2
       2
       4
       0
       0
       0
       1
       4
       2
       2
       2
       4
       2
       2
       2
       1
       1
       0
       0
       3
       1
       3
       3
       1
       1
       1
       1
       3
       2
       1
       1
       4
       0
       1
       1
       0
       1
       2
       2
       0
       1
       1
       1
       2
       1
       1
       0
       1
       1
       1
       1
       0
       1
       1
       0
       3
       5
       1
       3
       0
       3
       0
       4
       1
       4
       1
       2
       1
       1
       0
       0
       0
       0
       3
       4
       0
       1
       0
       3
       2
       0
       0
       1
       3
       1
       1
       0
       1
       2
       1
       1
       0
       0
       1
       0
       0
       1
       0
       2
       1
       2
       1
       2
       1
       1
       0
       2
       1
       2
       0
       0
       0
       2
       1
       4
       1
       0
       0
       0
       0
       0
       2
       1
       1
       2
       2
       1
       1
       1
       1
       1
       3
       1
       1
       0
       1
       1
       0
       3
       3
       0
       1
       2
       0
       2
       0
       2
       1
       0
       1
       1
       1
       0
       0
       0
       1
       1
       0
       1
       0
       1
       0
       1
       0
       1
       1
       1
       1
       0
       1
       0
       1
       1
       2
       0
       0
       0
       1
       0
       0
       0
       0
       4
       1
       0
       1
       0
       0
       3
       1
       0
       1
       0
       1
       3
       0
       0
       1
       3
       0
       1
       0
       2
       0
       0
       1
       0
       1
       0
       1
       0
       1
       2
       0
       1
       1
       0
       1
       3
       1
       1
       1
       1
       4
       0
       0
       2
       1
       0
       1
       1
       0
       1
       0
       0
       1
       1
       0
       0
       0
       0
       1
       0
       0
       0
       1
       0
       0
       1
       0
       1
       1
       1
       1
       1
       1
       1
       2
       0
       0
       2
       0
       0
       0
       2
       3
       2
       2
       0
       0
       0
       0
       0
       0
       0
       0
       0
       0
       0
       1
       1
       0
       0
       2
       0
       0
       2
       0
       2
       5
       1
       2
       1
       0
       0
       0
       0
       0
       1
       2
       0
       0
       0
       0
       1
       3
       2
       0
       0
       0
       1
       1
       0
       1
       1
       0
       0
       0
       0
       1
       0
       0
       0
       1
       1
       1
       0
       0
       0
       0
       1
       1
       1
       0
       1
       0
       0
       0
       2
       2
       1
       1
       0
       0
       0
       0
       1
       1
       0
       2
       1
       0
       2
       1
       1
       0
       0
       0
       0
       1
       0
       0
       0
       1
       2
       0
       0
       0
       0
       0
       1
       1
       0
       1
       0
       2
       1
       1
       0
       0
       0
       1
       1
       0
       0
       0
       1
       1
       0
       0
       0
       1
       0
       3
       0
       1
       0
       1
       0
       1
       1
       1
       1
       0
       0
       0
       1
       0
       0
       0
       1
       0
       0
       1
       0
       1
       0
       1
       1
       0
       0
       2
       1
       0
       0
       1
       0
       0
       1
       0
       0
       1
       2
       0
       0
       1
       0
       0
       0
       0
       1
       1
       0
       0
       0
       1
       0
       1
       1
       0
       1
       0
       0
       0
       0
       0
       0
       0
       1
       0
       0
       0
       0
       0
       1
       1
       1
       3
       1
       0
       0
       1
       1
       2
       0
       0
       1
       0
       0
       0
       1
       0
       1
       0
       0
       0
       0
       0
       0
       1
       0
       1
       0
       2
       1
       1
       1
       0
       1
       1
       1
       0
       1
       1
       0
       1
       0
       0
       1
       0
       0
       1
       0
       0
       0
       1
       1
       0
       0
       0
       0
       0
       0
       0
       2
       0
       1
       1
       0
       2
       2
       0
       0
       0
       0
       1
       1
       0
       1
       0
       0
       1
       1
       1
       0
       0
       0
       1
       0
       0
       1
       0
       2
       2
       2
       0
       0
       0
       0
       1
       1
       1
       0
       1
       0
       0
       2
       1
       1
       1
       0
       0
       1
       0
       2
       0
       0
       1
       1
       0
       1
       1
       1
       0
       2
       0
       1
       0
       0
       2
       2
       0
       0
       0
       0
       0
       0
       1
       0
       0
       0
       1
       0
       0
       0
       1
       0
       1
       1
       1
       1
       2
       1
       1
       1
       1
       3
       2
       0
       0
       0
       0
       2
       0
       1
       0
       2
       1
       0
       1
       0
       1
       0
       0
       1
       1
       1
       0
       2
       1
       1
       0
       0
       1
       0
       0
       0
       0
       0
       0
       0
       0
       1
       0
       0
       0
       0
       1
       1
       0
       0
       0
       0
       0
       1
       1
       0
       2
       1
       0
       0
       0
       1
       1
       0
       2
       0
       0
       0
       1
       0
       0
       0
       1
       0
       0
       0
       1
       1
       0
       0
       1
       0
       1
       0
       1
       0
       1
       0
       0
       1
       0
       2
       1
       0
       0
       0
       1
       0
       1
       0
       0
       0
       0
       1
       2
       0
       1
       0
       0
       0
       0
       1
       1
       0
       1
       1
       0
       0
       0
       0
       0
       0
       0
       2
       0
       1
       0
       0
       1
       0
       0
       1
       0
       2
       1
       1
       1
       0
       1
       0
       0
       3
       1
       0
       1
       0
       1
       1
       1
       1
       0
       1
       0
       1
       1
       1
       0
       0
       1
       0
       0
       0
       1
       0
       0
       0
       0
       0
       0
       0
       0
       1
       1
       0
       0
       0
       0
       2
       1
       1
       0
       0
       0
       1
       0
       0
       0
       1
       1
       1
       1
       1
       0
       1
       0
       0
       1
       1
       0
       0
       2
       1
       0
       0
       0
       0
       0
       0
       2
       3
       1
       2
       0
       0
       1
       0
       1
       0
       0
       2
       0
       0
       0
       0
       0
       0
       1
       1
       0
       0
       0
       0
       0
       0
       1
       0
       0
       1
       2
       0
       0
       0
       0
       2
       0
       0
       0
       2
       1
       0
       0
       3
       0
       0
       0
       0
       0
       0
       1
       0
       0
       2
       1
       0
       1
       0
       1
       0
       1
       0
       0
       0
       0
       0
       0
       0
       1
       1
       1
       1
       0
       0
       1
       1
       0
       0
       0
       0
       1
       1
       0
       0
       0
       0
       0
       0
       1
       0
       1
       0
       0
       0
       1
       1
       0
       2
       0
       1
       0
       0
       0
       0
       0
       0
       2
       0
       0
       2
       2
       0
       0
       0
       0
       0
       0
       0
       0
       0
       0
       2
       0
       0
       1
       0
       1
       0
       0
       1
       2
       0
       0
       1
       0
       1
       0
       0
       1
       1
       0
       2
       0
       0
       0
       0
       0
       1
       0
       0
       0
       1
       0
       0
       1
       0
       0
       1
       1
       1
       0
       0
       1
       1
       0
       0
       0
       0
       1
       1
       2
       0
       1
       1
       0
       0
       0
       2
       1
       0
       0
       0
       0
       2
       0
       2
       2
       0
       1
       0
       1
       0
       0
       1
       2
       0
       1
       0
       0
       0
       1
       1
       1
       2
       1
       1
       0
       0
       0
       2
       0
       0
       0
       0
       1
       2
       0
       0
       1
       0
       1
       0
       0
       0
       1
       1
       1
       2
       1
       0
       0
       0
       0
       0
       2
       1
       0
       1
       1
       1
       0
       0
       0
       1
       1
       0
       0
       1
       0
       1
       0
       1
       0
       0
       0
       0
       0
       0
       1
       2
       0
       0
       0
       1
       0
       0
       0
       0
       0
       0
       1
       1
       1
       0
       0
       0
       0
       0
       0
       1
       0
       0
       0
       0
       0
       0
       0
       2
       0
       1
       1
       1
       0
       2
       0
       0
       0
       1
       0
       2
       0
       1
       1
       0
       1
       1
       0
       0
       0
       1
       0
       0
       0
       1
       0
       1
       0
       0
       1
       0
       0
       0
       0
       1
       1
       1
       0
       1
       3
       0
       0
       0
       0
       1
       0
       0
       1
       0
       0
       2
       1
       1
       1
       0
       2
       0
       0
       1
       1
       0
       0
       0
       1
       0
       0
       1
       1
       0
       0
       0
       0
       1
       1
       0
       0
       0
       0
       0
       0
       1
       0
       0
       2
       2
       0
       1
       0
       1
       1
       0
       0
       0
       1
       0
       0
       0
       0
       1
       0
       0
       1
       2
       0
       3
       1
       0
       2
       1
       0
       0
       0
       0
       1
       0
       0
       1
       1
       2
       0
       0
       0
       0
       1
       0
       1
       0
       0
       0
       0
       0
       0
       0
       1
       0
       2
       0
       0
       0
       1
       0
       0
       0
       1
       1
       0
       0
       1
       0
       1
       1
       1
       0
       0
       0
       0
       2
       0
       0
       1
       1
       2
       1
       1
       1
       0
       1
       1
       0
       1
       0
       0
       1
       0
       1
       0
       1
       0
       1
       0
       0
       0
       1
       0
       1
       1
       0
       0
       0
       0
       0
       0
       1
       2
       2
       0
       1
       1
       0
       0
       0
       0
       0
       1
       1
       2
       0
       0
       3
       0
       0
       1
       0
       0
       0
       1
       0
       1
       0
       0
       1
       0
       0
       0
       2
       0
       0
       0
       0
       0
       0
       0
       0
       0
       0
       2
       0
       0
       0
       0
       0
       1
       0
       0
       1
       0
       0
       1
       1
       0
       0
       2
       0
       0
       0
       0
       1
       0
       0
       0
       1
       1
       0
       0
       0
       1
       0
       0
       0
       1
       0
       1
       0
       1
       1
       1
       2
       0
       1
       0
       1
       0
       0
       1
       0
       0
       0
       0
       0
       0
       0
       0
       0
       0
       0
       0
       0
       0
       0
       0
       0
       0
       0
       0
       0
       2
       1
       0
       0
       0
       0
       0
       0
       1
       0
       0
       0
       0
       0
       0
       0
       1
       1
       0
       1
       0
       0
       1
       1
       1
       0
       0
       1
       1
       0
       0
       0
       1
       0
       0
       0
       1
       0
       0
       0
       0
       0
       0
       1
       0
       1
       1
       0
       1
       1
       0
       0
       1
       0
       0
       0
       1
       1
       0
       1
       1
       0
       0
       0
       0
       0
       0
       0
       0
       0
       0
       0
       0
       0
       0
       0
       0
       0
       0
       0
       1
       0
       1
       0
       1
       0
       1
       1
       0
       1
       0
       0
       0
       0
       1
       0
       1
       1
       0
       0
       1
       0
       0
       0
       0
       1
       0
       0
       1
       0
       0
       0
       0
       0
       1
       0
       0
       0
       2
       0
       0
       0
       0
       2
       0
       0
       0
       0
       0
       1
       0
       0
       1
       0
       2
       0
       0
       0
       0
       0
       0
       0
       1
       0
       0
       1
       1
       0
       0
       0
       0
       1
       0
       0
       0
       0
       0
       1
       1
       1
       0
       0
       1
       0
       1
       1
       0
       1
       0
       1
       0
       0
       0
       0
       0
       0
       0
       0
       0
       0
       0
       0
       1
       0
       0
       0
       0
       0
       0
       0
       1
       0
       0
       0
       0
       0
       0
       1
       0
       1
       1
       0
       0
       0
       0
       0
       0
       0
       0
       0
       0
       0
       0
       0
       0
       1
       0
       0
       0
       1
       0
       1
       0
       0
       0
       0
       1
       0
       0
       0
       1
       0
       0
       0
       0
       1
       0
       0
       0
       0
       1
       0
       1
       2
       0
       0
       0
       0
       0
       1
       0
       0
       0
       0
       0
       0
       0
       2
       0
       0
       0
       1
       0
       1
       1
       0
       0
       0
       0
       0
       0
       0
       0
       1
       0
       0
       0
       0
       0
       1
       0
       0
       0
       0
       0
       1
       1
       1
       0
       0
       0
       0
       0
       0
       1
       0
       0
       0
       1
       0
       0
       1
       1
       0
       0
       2
       0
       2
       0
       0
       0
       0
       1
       0
       0
       0
       0
       1
       0
       0
       0
       0
       1
       0
       0
       0
       1
       0
       0
       0
       0
       0
       1
       0
       0
       0
       2
       0
       0
       0
       0
       0
       0
       1
       1
       0
       1
       1
       0
       1
       1
       2
       1
       0
       0
       1
       0
       0
       0
       0
       1
       0
       0
       1
       1
       0
       0
       0
       1
       0
       1
       0
       0
       0
       1
       0
       0
       0
       0
       1
       1
       0
       0
       0
       0
       1
       1
       0
       0
       0
       0
       0
       0
       0
       0
       1
       0
       0
       1
       0
       0
       0
       0
       0
       1
       0
       0
       1
       0
       1
       0
       1
       0
       0
       0
       1
       0
       1
       2
       1
       0
       1
       0
       0
       0
       0
       0
       0
       0
       0
       0
       0
       0
       0
       1
       0
       0
       1
       0
       1
       0
       0
       0
       0
       0
       1
       0
       0
       0
       1
       0
       0
       0
       0
       0
       2
       0
       1
       0
       0
       0
       0
       0
       0
       0
       1
       0
       0
       0
       0
       0
       1
       0
       0
       0
       0
       0
       0
       0
       0
       0
       0
       0
       0
       0
       0
       0
       0
       1
       0
       0
       1
       0
       0
       0
       0
       0
       1
       0
       0
       0
       0
       0
       2
       1
       0
       0
       1
       0
       0
       0
       1
       0
       1
       0
       0
       0
       1
       0
       0
       0
       0
       0
       0
       1
       0
       0
       1
       0
       0
       1
       0
       0
       0
       0
       0
       0
       0
       0
       0
       1
       1
       1
       0
       0
       0
       0
       0
       0
       0
       1
       0
       0
       0
       0
       0
       0
       0
       0
       1
       0
       0
       1
       0
       0
       0
       0
       1
       0
       0
       0
       1
       0
       0
       0
       0
       0
       0
       1
       1
       0
       1
       0
       0
       1
       0
       1
       0
       0
       0
       0
       0
       1
       0
       0
       0
       0
       0
       0
       0
       0
       0
       0
       0
       0
       0
       0
       0
       0
       0
       0
       0
       0
       0
       0
       0
       0
       1
       0
       0
       0
       1
       0
       0
       0
       0
       0
       0
       1
       0
       0
       0
       0
       0
       0
       0
       0
       0
       0
       0
       0
       0
       0
       0
       1
       0
       0
       0
       0
       0
       1
       1
       1
       1
       0
       1
       0
       0
       0
       1
       1
       0
       1
       0
       0
       0
       0
       0
       0
       0
       1
       2
       0
       0
       1
       0
       0
       0
       1
       0
       0
       0
       0
       0
       0
       0
       0
       0
       0
       0
       0
       0
       0
       0
       1
       0
       0
       0
       0
       0
       0
       0
       0
       0
       0
       0
       0
       2
       0
       2
       0
       0
       0
       1
       0
       0
       0
       0
       0
       0
       0
       0
       0
       0
       0
       0
       0
       1
       0
       0
       0
       0
       0
       0
       0
       0
       0
       0
       0
       0
       0
       0
       0
       0
       0
       0
       1
       0
       0
       0
       1
       0
       0
       0
       0
       0
       0
       0
       0
       1
       0
       0
       0
       0
       0
       0
       0
       0
       0
       0
       0
       0
       0
       1
       0
       0
       0
       0
       0
       0
       0
       0
       0
       2
       1
       0
       1
       0
       0
       0
       0
       0
       1
       0
       0
       0
       0
       0
       0
       1
       0
       0
       0
       0
       0
       0
       0
       0
       0
       0
       1
       0
       0
       0
       0
       0
       0
       0
       0
       0
       0
       0
       0
       0
       0
       0
       0
       0
       0
       2
       0
       0
       0
       0
       2
       0
       0
       0
       0
       0
       0
       0
       0
       0
       0
       0
       1
       0
       0
       0
       0
       0
       0
       0
       0
       0
       0
       0
       0
       0
       0
       0
       0
       1
       0
       1
       0
       0
       0
       0
       0
       0
       0
       0
       0
       1
       0
       1
       0
       0
       0
       0
       1
       0
       0
       1
       0
       0
       0
       1
       0
       1
       0
       0
       0
       0
       0
       0
       0
       0
       0
       0
       0
       0
       0
       0
       0
       1
       0
       0
       0
       0
       0
       0
       0
       0
       0
       0
       0
       0
       0
       0
       0
       0
       0
       0
       0
       0
       0
       0
       0
       0
       0
       0
       0
       0
       0
       0
       0
       0
       0
       0
       0
       0
       0
       0
       0
       0
       0
       0
       0
       0
       0
       0
       0
       0
       1
       0
       0
       0
       0
       0
       0
       0
       0
       0
       0
       0
       0
       0
       0
       0
       0
       0
       0
       0
       0
       0
       0
       0
       0
       0
       0
       0
       0
       0
       0
       0
       0
       0
       0
       0
       0
       0
       0
       0
       0
       0
       0
       0
       0
       0
       0
       0
       0
       0
       0
       0
       0
       0
       0
       0
       0
       0
       0
       0
       0
       0
       0
       0
       0
       0
       0
       0
       0
       0
       0
       0
       0
       0
       0
       0
       0
       0
       0
       0
       0
       0
       0
       0
       0
       0
       0
       0
       0
       0
       0
       0
       0
       0
       0
       0
       0
       0
       0
       0
       0
       0
       0
       0
       0
       0
       0
       0
       0
       0
       0
       0
       0
       0
       0
       0
       0
       0
       0
       0
       0
       0
       0
       0
       0
       0
       0
       0
       0
       0
       0
       0
       0
       0
       0
       0
       0
       0
       0
       0
       0
       0
       0
       0
       0
       0
       0
       0
       0
       0
       0
       0
       0
       0
       0
       0
       0
       0
       0
       0
       0
       0
       0
       0
       0
       0
       0
       0
       0
       0
       0
       0
       0
       0
       0
       0
       0
       0
       0
       0
       0
       0
       0
       0
       0
       0
       0
       0
       0
       0
       0
       0
       0
       0
       0
       0
       0
       0
       0
       0
       0
       0
       0
       0
       0
       0
       0
       0
       0
       0
       0
       0
       0
       0
       0
       0
       0
       0
       0
       0
       0
       0
       0
       0
       0
       0
       0
       0
       0
       0
       0
       0
       0
       0
       0
       0
       0
       0
       0
       0
       0
       0
       0
       0
       0
       0
       0
       0
       0
       0
       0
       0
       0
       0
       0
       0
       0
       0
       0
       0
       0
       0
       0
       0
       0
       0
       0
       0
       0
       0
       0
       0
       0
       0
       0
       0
       0
       0
       0
       0
       0
       0
       0
       0
       0
       0
       0
       0
       0
       0
       0
       0
       0
       0
       0
       0
       0
       0
       0
       0
       0
       0
       0
       0
       0
       0
       0
       0
       0
       0
       0
       0
       0
       0
       0
       0
       0
       0
       0
       0
       0
       0
       0
       0
       0
       0
       0
       0
       0
       0
       0
       0
       0
       0
       0
       0
       0
       0
       0
       0
       0
       0
       0
       0
       0
       0
       0
       0
       0
       0
       0
       0
       0
       0
       0
       0
       0
       0
       0
       0
       0
       0
       0
       0
       0
       0
       0
       0
       0
       0
       0
       0
       0
       0
       0
       0
       0
       0
       0
       0
       0
       0
       0
       0
       0
       0
       0
       0
       0
       0
       0
       0
       0
       0
       0
       0
       0
       0
       0
       0
       0
       0
       0
       0
       0
       0
       0
       0
       0
       0
       0
       0
       0
       0
       0
       0
       0
       0
       0
       0
       0
       0
       0
       0
       0
       0
       0
       0
       0
       0
       0
       0
       0
       0
       0
       0
       0
       0
       0
       0
       0
       0
       0
       0
       0
       0
       0
       0
       0
       0
       0
       0
       0
       0
       0
       0
       0
       0
       0
       0
       0
       0
       0
       0
       0
       0
       0
       0
       0
       0
       0
       0
       0
       0
       0
       0
       0
       0
       0
       0
       0
       0
       0
$ROI:
5
161 440
767 1079
3749 4148
5178 5843
6529 7474
$PRESETS:
None
0
0
$ENER_FIT:
8.651989 0.074883
$MCA_CAL:
3
8.651989E+000 7.488284E-002 3.591882E-006 keV
$SHAPE_CAL:
3
8.298945E+001 1.136237E-001 -3.260950E-005
