$SPEC_ID:
No sample description was entered.
$SPEC_REM:
DET# 1
DETDESC# FSGUNIV-O93LS3D Easy-MCA-8k SN 17088661
AP# Maestro Version 7.01
$DATE_MEA:
03/11/2024 12:39:26
$MEAS_TIM:
621 622
$DATA:
0 2047
       0
       0
       0
       0
       0
       0
       0
       0
       0
       0
       0
       0
       0
       0
       0
       0
       0
       0
       0
       0
       0
       0
       0
       0
       0
       0
       0
       0
       0
       0
       0
       0
       0
       0
       0
       0
       0
       0
       0
       0
       1
       1
       2
       3
       2
       2
       3
       3
       4
       5
       2
       2
       5
       2
       4
       1
       2
       3
       2
       4
       4
       3
       3
       5
       3
       5
       1
       4
       1
       4
       5
       9
       2
       4
       2
       3
       2
       2
       3
       4
       4
       4
       0
       3
       1
       5
       8
       3
       1
       2
       5
       5
       2
       2
       4
       4
       3
       0
       0
       5
       4
       1
       5
       7
       6
       3
       3
       7
       5
       2
       4
       5
       2
       3
       3
       6
       3
       5
       5
       2
       4
       4
       5
       4
       2
       2
       2
       5
       6
       2
       4
       4
       7
       4
       4
       8
       7
       3
       4
       5
       1
       7
       3
       3
       2
       3
       5
       4
       4
       4
       8
       7
       4
       7
       4
       5
       4
       5
       3
       4
       4
       6
       4
       4
       3
       5
       3
       6
       7
       1
       3
       5
       6
       5
       5
       1
       1
       5
       4
       3
       3
       7
       9
       7
       4
       8
       6
       7
       9
      10
       4
       7
       4
       5
      11
       9
      17
       9
       4
      12
      11
       9
       8
      15
      10
      13
      18
      14
      11
      14
       9
      16
      12
       5
      14
       7
      13
      15
      17
      18
      13
      11
      12
      12
      11
      13
       7
       6
       5
      10
       5
       2
      13
       7
      10
       9
      11
       8
       9
       8
      10
       8
       8
       6
      13
       6
       4
       5
       8
      13
       5
       7
       3
       5
       8
       8
       6
       7
       7
       8
       6
       8
       7
       3
       5
       8
       3
       7
       7
       7
       4
       0
       4
       9
       6
       7
       5
       2
       9
       3
       5
       5
       3
       4
       4
       4
       3
       4
       5
       5
       8
       3
       5
       4
       8
       5
       7
       7
       5
       7
       8
       6
       3
       5
       7
       8
       6
       7
       6
       5
       7
       3
       4
       5
       3
       2
       6
       1
       6
       3
       4
       7
       4
       9
      11
       5
       2
       7
       6
       5
       9
       5
       3
       4
       6
       6
       4
       5
       4
       4
       5
      10
       4
       4
       5
       6
       5
      12
       6
       5
       6
       5
       8
       7
       6
      11
       7
       1
      10
       4
       8
       6
       3
       3
       5
       5
       5
       8
      10
       4
       6
       8
       6
       3
       8
       3
       5
       4
       6
       8
       6
       4
       6
       6
       8
       2
       6
       7
       2
       3
       3
       6
       8
       3
       6
       5
       3
       4
       8
       4
       5
       3
       5
       2
       5
      11
       9
       6
       5
       3
       6
       3
       5
       9
       8
       1
       9
       5
       2
       9
       8
       7
       4
      11
       5
       5
       6
       5
       7
       4
       3
       4
       7
       5
       6
       2
       5
       4
       3
       7
       6
       4
       4
       5
       4
      11
       4
       5
       3
       7
       6
       8
       7
       2
       5
       5
       4
       5
       6
       3
       4
       7
       4
      10
       8
       2
      10
       5
       3
       4
       8
       4
       6
       9
       8
       5
       3
       7
       7
       7
       8
       6
       7
       3
       7
       7
       7
       7
       8
       5
       8
       3
       9
       2
       4
       6
       2
       4
       8
       3
       7
       6
      10
      11
       6
       5
       9
       4
       4
       6
       4
       4
       6
       7
       3
       6
       9
       4
       4
       8
       4
       7
      10
       2
       7
       6
       2
       6
      10
       7
       4
       9
       4
       4
       2
       6
       6
       6
       4
       7
       4
       6
       9
       4
       4
       0
       5
       6
       5
       6
       4
       8
       1
       3
       8
       6
       4
       5
       4
       3
       6
       6
       3
       9
       4
       8
       3
       1
       5
       5
       4
       8
       6
       2
       4
       5
       8
       7
       7
       5
       5
       8
       5
      12
       5
       2
       4
       7
       4
       3
       5
       4
       6
       4
       4
       7
       1
       6
       4
       2
       3
       3
       5
       3
       2
       5
       4
       4
       4
       4
       5
       4
       5
       4
       4
       5
       5
       3
       4
       4
       3
       6
       4
       4
       5
       5
       6
       2
       6
       4
       2
       2
       3
       1
       2
       3
       5
       5
       5
       9
       1
       4
       2
       4
       7
       3
       3
       5
       3
      10
       4
       2
       1
       1
       2
       3
       4
       2
       5
       6
       4
       3
       7
       5
       3
       5
       3
       1
       2
       0
       6
       5
       2
       5
       2
       1
       2
       4
       6
       2
       3
       4
       6
       3
       4
       0
       1
       3
       3
       3
       2
       8
       4
       1
       5
       3
       5
       5
       2
       0
       3
       3
       3
       2
       1
       3
       3
       1
       3
       2
       2
       5
       7
       4
       5
       4
       6
       3
       2
       4
       2
       5
       4
       3
       4
       3
       1
       3
       3
       1
       3
       6
       4
       4
       4
       1
       2
       1
       4
       4
       8
       1
       5
       1
       4
       3
       3
       4
       3
       4
       2
       5
       2
       1
       6
       4
       3
       3
       1
       4
       2
       3
       5
       3
       9
       2
       6
       4
       5
       6
       4
       1
       5
       4
       3
       3
       2
       4
       3
       2
       2
       3
       3
       4
       3
       1
       6
       5
       5
       1
       6
       5
       1
       6
       2
       5
       3
       3
       1
       4
       9
       2
       3
       4
       2
       0
       6
       3
       3
       2
       3
       2
       5
       5
       3
       5
       4
       3
       3
       6
       1
       4
       2
       7
       3
       4
       1
       1
       7
       3
       0
       4
       3
       6
       5
       4
       3
       5
       1
       5
       2
       4
       4
       1
       8
       4
       5
       3
       3
       2
       4
       4
       5
       4
       5
       6
       8
       2
       4
       3
       2
       4
       7
       3
       5
       8
       3
       2
       3
       7
       5
       7
       5
       5
       5
       3
       2
       5
       3
       4
       6
       3
       1
       3
       3
      11
       9
       3
       1
       6
       3
       1
       5
       2
       1
       2
       5
       1
       2
       3
       4
      10
       7
       5
       6
       4
       2
       6
       3
       5
       4
       3
       1
       7
       7
       2
       3
       4
       8
       7
       3
       9
       9
       5
       8
       2
       6
       3
       5
       5
       2
       7
      10
       5
       7
       4
       9
       6
       5
       4
       2
       4
       9
       9
       5
       3
       5
       4
       7
       6
       3
       4
       5
       9
       7
       5
       8
       6
       4
       7
       6
       9
       9
      12
      12
       9
       6
       9
      16
       6
       9
       3
       8
       8
       4
       8
      10
       8
      11
       6
       9
       7
       9
      12
      11
      11
       5
      10
       9
       8
       9
       5
       8
       8
       8
       8
       8
       6
       9
       9
      14
       2
      12
       9
      18
       9
      10
      12
      10
      10
      17
      22
      11
      17
       6
       8
       8
      14
       6
      11
      11
      14
       8
       5
      10
      10
       7
       8
      16
       8
      14
       9
       6
      10
      12
      10
       7
       8
      11
      13
       6
      13
      10
      12
       8
      14
       7
       3
      11
      14
      14
       8
       9
      10
      10
      11
      11
      14
      17
       7
       8
       4
       8
       9
      13
       6
       4
      17
       9
      14
       3
       8
      11
       8
       8
       4
       7
       6
       8
       8
       7
       6
       7
       9
       7
       8
       4
       7
       7
       5
       6
       1
       7
       4
       7
      10
       6
       1
       7
       8
       5
       6
       7
       2
       8
       4
       3
       5
       4
      10
       6
       5
       6
       5
       7
       3
       6
       5
       4
       5
       3
       4
       6
       0
       3
       2
       6
       2
       6
       7
       2
       1
       5
       6
       6
       4
       4
       3
       2
       4
       4
       4
       1
       5
       3
       1
       5
       2
       3
       3
       2
       4
       3
       4
       5
       3
       2
       2
       6
       1
       3
       3
       4
       2
       4
       3
       2
       1
       2
       3
       0
       2
       1
       2
       3
       0
       4
       2
       3
       2
       2
       2
       2
       3
       2
       3
       2
       1
       6
       0
       4
       3
       3
       2
       2
       4
       1
       1
       1
       2
       1
       6
       2
       1
       6
       0
       0
       2
       4
       3
       2
       0
       3
       2
       2
       2
       2
       1
       5
       2
       1
       2
       3
       2
       0
       1
       0
       3
       4
       2
       1
       0
       3
       1
       6
       2
       5
       0
       2
       2
       3
       3
       1
       3
       2
       2
       2
       2
       2
       1
       2
       2
       2
       1
       2
       2
       2
       4
       2
       2
       1
       3
       0
       2
       1
       4
       0
       2
       4
       2
       1
       1
       1
       1
       4
       3
       1
       0
       2
       1
       2
       1
       3
       0
       4
       0
       0
       1
       1
       2
       0
       4
       1
       1
       3
       1
       4
       3
       1
       2
       1
       3
       2
       1
       2
       3
       1
       3
       4
       4
       3
       0
       2
       0
       1
       2
       1
       6
       1
       1
       0
       2
       4
       0
       1
       2
       2
       3
       1
       2
       3
       1
       2
       2
       0
       0
       2
       1
       3
       3
       2
       1
       4
       3
       1
       1
       1
       0
       2
       3
       4
       1
       1
       3
       1
       0
       1
       2
       2
       3
       0
       1
       2
       1
       2
       0
       0
       1
       1
       3
       1
       0
       2
       3
       2
       0
       0
       0
       2
       2
       2
       2
       1
       3
       3
       0
       4
       5
       0
       2
       3
       2
       0
       2
       3
       1
       1
       1
       2
       0
       0
       1
       2
       2
       1
       1
       1
       2
       1
       2
       1
       1
       2
       4
       0
       3
       1
       0
       2
       2
       0
       0
       0
       2
       2
       1
       0
       1
       3
       1
       2
       1
       2
       1
       3
       0
       1
       1
       3
       1
       0
       2
       4
       2
       1
       3
       4
       2
       1
       2
       0
       0
       0
       2
       2
       2
       3
       1
       4
       2
       1
       1
       3
       1
       0
       2
       2
       2
       1
       3
       2
       1
       2
       1
       0
       1
       2
       1
       0
       1
       0
       1
       1
       1
       1
       2
       2
       0
       0
       1
       1
       3
       1
       3
       0
       0
       1
       4
       1
       1
       1
       1
       0
       0
       0
       1
       2
       2
       0
       0
       2
       0
       0
       1
       1
       0
       3
       1
       2
       1
       1
       2
       2
       2
       0
       2
       0
       2
       2
       1
       2
       3
       0
       1
       1
       0
       1
       1
       1
       0
       3
       2
       0
       1
       3
       2
       1
       4
       1
       0
       1
       2
       2
       0
       0
       1
       2
       2
       1
       3
       3
       0
       2
       1
       0
       1
       1
       2
       2
       1
       2
       0
       1
       1
       0
       1
       1
       2
       1
       0
       1
       2
       0
       1
       1
       2
       2
       0
       1
       1
       1
       1
       0
       3
       1
       1
       0
       0
       1
       0
       0
       1
       1
       0
       0
       2
       0
       0
       0
       2
       1
       1
       1
       1
       0
       1
       1
       1
       2
       1
       0
       2
       2
       0
       1
       2
       3
       0
       0
       0
       0
       1
       2
       1
       1
       1
       0
       0
       2
       1
       0
       0
       1
       0
       1
       1
       2
       1
       0
       0
       0
       0
       2
       1
       0
       1
       1
       1
       0
       0
       3
       0
       0
       1
       3
       1
       0
       0
       1
       1
       0
       1
       0
       0
       0
       0
       1
       0
       0
       0
       0
       1
       0
       0
       0
       1
       1
       0
       0
       1
       2
       0
       2
       2
       1
       0
       0
       0
       0
       0
       0
       0
       1
       0
       1
       2
       1
       0
       0
       1
       0
       2
       0
       0
       0
       1
       0
       0
       0
       1
       2
       1
       1
       2
       0
       0
       1
       1
       0
       2
       0
       0
       3
       1
       0
       1
       0
       1
       0
       0
       0
       3
       3
       1
       1
       0
       1
       0
       2
       1
       1
       2
       3
       1
       1
       0
       0
       0
       1
       2
       1
       1
       2
       0
       2
       0
       0
       1
       2
       2
       0
       2
       0
       1
       0
       1
       1
       2
       0
       0
       2
       1
       0
       0
       1
       2
       1
       2
       0
       3
       0
       3
       1
       0
       0
       2
       0
       0
       0
       0
       0
       0
       2
       0
       1
       0
       1
       0
       0
       2
       1
       1
       0
       0
       1
       0
       0
       0
       1
       1
       0
       0
       1
       0
       1
       0
       1
       1
       0
       0
       4
       0
       2
       0
       2
       1
       1
       0
       2
       0
       1
       0
       0
       0
       1
       1
       0
       0
       0
       0
       0
       1
       0
       2
       0
       1
       1
       1
       0
       1
       1
       1
       0
       0
       0
       0
       0
       1
       0
       0
       0
       0
       0
       1
       0
       0
       0
       0
       0
       0
       0
       2
       0
       0
       1
       1
       2
       0
       1
       0
       0
       2
       0
       1
       0
       0
       0
       0
       0
       0
       0
       1
       1
       1
       3
       0
       1
       0
       2
       0
       1
       0
       0
       0
       0
       1
       0
       2
       0
       0
       3
       1
       1
       0
       2
       0
       0
       1
       0
       0
       0
       0
       0
       1
       1
       0
       0
       0
       0
       0
       0
       0
       1
       0
       0
       0
       0
       0
       0
       0
       0
       1
       0
       1
       2
       0
       0
       1
       0
       2
       2
       0
       1
       0
       3
       0
       0
       0
       0
       0
       0
       1
       1
       0
       0
       0
       0
       0
       1
       1
       1
       1
       1
       0
       0
       0
       0
       0
       0
       1
       1
       1
       0
       0
       1
       0
       0
       0
       0
       0
       2
       1
       0
       0
       1
       0
       0
       3
       2
       0
       1
       1
       0
       2
       1
       0
       0
       0
       0
       0
       0
       0
       0
       0
       0
       0
       0
       0
       0
       0
       0
       0
       0
       0
       0
       0
       0
       0
       0
       0
       0
       0
       0
       0
       0
       0
       0
       0
$ROI:
6
67 116
196 256
297 368
871 937
1189 1365
1529 1730
$PRESETS:
None
0
0
$ENER_FIT:
-0.231476 0.346771
$MCA_CAL:
3
-2.314757E-001 3.467707E-001 5.144805E-005 keV
$SHAPE_CAL:
3
1.165611E+001 9.210392E-002 -6.085550E-005
