$SPEC_ID:
No sample description was entered.
$SPEC_REM:
DET# 1
DETDESC# FSGUNIV-O93LS3D Easy-MCA-8k SN 17088661
AP# Maestro Version 7.01
$DATE_MEA:
03/11/2024 12:28:29
$MEAS_TIM:
581 582
$DATA:
0 2047
       0
       0
       0
       0
       0
       0
       0
       0
       0
       0
       0
       0
       0
       0
       0
       0
       0
       0
       0
       0
       0
       0
       0
       0
       0
       0
       0
       0
       0
       0
       0
       0
       0
       0
       0
       0
       0
       0
       0
       0
       2
       5
       3
       5
       5
       5
       6
       5
       5
       8
       2
       5
       8
       4
       3
       8
       4
       2
       3
       1
       4
       5
       8
       6
       4
       3
       4
       9
       1
       7
       3
       6
       5
       7
       3
       6
       4
       5
       8
       2
       6
       6
       6
       4
       3
       2
       6
       9
       5
       7
       5
       0
       2
       6
       9
       3
       6
       3
       4
       7
       4
       2
       7
       8
       4
       5
       5
       8
       7
       6
       8
      12
      12
       8
       4
       7
       6
       9
       6
      11
       8
      11
       9
       4
       5
       8
      13
       7
       6
       6
       6
      11
       5
       9
       3
       7
       6
       5
      12
       8
       7
       9
      10
       3
       8
      10
       9
       6
      14
       3
      10
       6
       7
       7
       5
      11
       7
       8
       3
       7
      11
       7
       8
       6
       1
       8
       8
       7
       9
       4
      11
       7
      11
      10
       6
       7
       4
       7
       4
      10
      12
       8
       8
       3
       9
      15
      12
       6
       8
       8
      11
       8
      12
      17
      11
      12
      12
      12
      16
       9
       8
      10
      12
       9
      17
      18
      20
      17
      18
      16
      14
      23
      25
      14
      16
      11
      11
      16
      11
      15
      16
      15
      16
      17
      15
       8
       8
      11
      13
      13
       7
       6
      12
       8
      14
       7
       9
       7
      10
       6
       6
       8
       2
       8
       7
      11
       7
      16
      14
       8
      13
      10
       8
      15
       7
       2
       9
      10
      10
       8
       8
       7
      12
      10
       4
      11
      10
       9
      12
      14
       7
       7
       5
       6
       9
      11
       8
       6
       7
      12
      10
      11
       8
       4
       5
       8
       7
       9
       9
      12
       6
       9
       9
       9
      11
       4
       5
       5
       6
       7
       7
      10
       6
       8
       9
       7
       7
       6
       3
      10
       9
       6
      15
      11
       8
       7
       6
      14
       7
       9
       5
       8
       8
       9
       8
       8
       9
      10
      12
       3
       8
      14
       9
       8
       9
      18
      12
      13
      11
      11
      13
       6
      14
       6
       8
      13
       8
       9
      12
       4
       6
      10
       6
       8
       7
      16
       8
      10
      10
      10
       5
      10
       7
      11
       5
       3
      16
      10
       6
       9
       6
       9
      11
      11
       7
       6
       6
       6
       8
      10
      13
       9
      12
      11
       4
       7
       8
      11
       6
       9
       6
       9
      12
      14
       6
       9
       9
      11
       5
       7
       6
       5
       7
      14
       9
       9
      11
      12
       8
       5
       9
       6
       8
       8
      11
       6
       8
      16
      12
       7
       5
      13
      13
       7
      10
       6
       7
      13
      11
      20
       7
      10
       9
      13
      11
       5
       9
      10
      20
       7
      11
      11
       7
      10
      15
      14
      15
      19
      11
       6
      11
      10
       3
       8
       8
      11
      10
       4
      12
      10
      12
       8
       9
       7
       6
       7
       8
      11
      11
      10
      16
       8
      12
       9
       9
       5
       4
       6
       5
       4
      12
       8
       9
      13
      11
      11
       9
       8
      15
       8
       6
       9
       8
      11
      10
      10
      17
      11
      10
      10
       5
       8
       8
      10
       4
      14
       9
       6
      12
      14
       6
       5
       9
       8
       3
      11
      14
      10
       6
      11
      12
       9
      12
       6
       6
       4
      11
      10
       8
       8
      12
       9
       9
      12
       7
      11
       7
       8
       5
      10
       6
      12
       6
       5
      10
       9
       9
       9
       5
       8
       4
      12
      10
      10
       8
      13
       5
       5
       7
      11
       6
       7
       4
       7
       9
       8
       4
       6
       7
       5
       5
      11
       5
      11
       5
       5
       5
       7
       7
       7
       9
       5
      10
       2
       6
       7
       8
       9
       5
       5
      14
       7
      11
       8
       2
       6
       4
       5
      11
       8
      12
       8
      14
       9
       6
       7
       5
       3
       7
       7
       7
       6
       4
       9
       8
       7
       7
       5
      12
       7
       9
       5
       4
       3
       7
       9
       4
       8
       4
       7
       5
       4
       9
       3
       7
       6
       6
       5
       5
       1
       7
       5
       5
       8
       8
       4
       5
       9
       8
       7
       6
       6
       8
       8
       7
       2
       2
       8
       6
       9
       4
      10
       7
       5
       7
       5
      10
       5
      11
       4
       5
       6
       9
       5
       6
       6
       6
       7
       7
       1
       6
       4
       8
       6
       3
       5
       7
       8
       3
       6
       4
       3
       5
       5
       5
       6
       7
       5
       8
       7
       3
       6
       5
       6
       4
       6
       5
       4
       4
       4
       6
       4
       6
       3
       2
       9
       7
       3
       6
       2
       5
       5
       8
       2
       3
       5
       6
       4
       4
       3
       5
       6
       6
       4
       7
       3
       1
       4
       3
       8
       5
       3
       7
       4
       2
      10
       2
       7
       4
      10
       3
       3
       9
       2
       4
       5
       8
       6
       7
       8
      10
       6
       6
       8
       6
       6
       5
       2
       4
       2
       6
       6
       7
       8
       5
       3
       8
       4
       3
       4
       6
       6
       4
       6
       6
       8
       5
       6
       7
       3
       5
       6
       1
       5
       4
       4
       5
       5
       4
       5
       3
      10
       3
       8
       4
       8
       5
       5
      10
       8
       6
       4
       4
       8
       1
       5
       7
       5
       4
       8
       6
       5
       7
       6
       4
       4
       4
       4
       3
       4
       2
       3
       6
       5
       5
       8
       4
       4
       5
       3
       3
       3
       5
       5
       4
      10
       8
       2
       5
       4
       7
       6
       7
       9
      10
       7
       4
      10
       8
       4
       5
       5
       5
       4
       7
       6
       7
      13
       6
       6
       6
       4
       7
       8
       8
       4
       4
       4
       4
       7
      10
      10
       6
       6
       8
       4
      13
       5
       8
      11
       7
      10
      11
       3
       8
       5
      10
       6
       8
       8
       6
      17
       5
       7
      11
       6
      12
       8
      11
       8
       4
       8
       3
      17
      14
      19
      12
       4
      13
       9
       8
      10
      11
      13
      19
       6
      13
       3
      11
      10
      18
      10
      12
      21
      14
      16
      13
      19
      16
       9
      11
      16
      14
      15
      15
      12
      17
      13
      20
      15
      18
      19
      16
      17
      18
      26
      19
      22
      22
      15
      17
      13
      33
      25
      20
      25
      17
      30
      24
      20
      17
      28
      18
      27
      20
      31
      18
      29
      21
      20
      19
      26
      29
      24
      23
      23
      37
      25
      21
      26
      31
      35
      35
      34
      38
      27
      26
      34
      34
      25
      46
      20
      29
      28
      39
      28
      23
      36
      28
      39
      25
      28
      23
      36
      35
      30
      17
      32
      32
      41
      30
      30
      21
      33
      30
      34
      35
      35
      32
      32
      28
      26
      36
      24
      35
      30
      29
      22
      35
      30
      42
      33
      33
      29
      31
      29
      25
      31
      31
      36
      35
      25
      33
      33
      22
      22
      30
      19
      27
      32
      29
      26
      23
      30
      29
      25
      19
      31
      27
      21
      26
      23
      16
      17
      16
      25
      21
      26
      22
      22
      17
      24
      19
      23
      20
      21
      23
      21
      19
      19
      17
      17
      10
      21
      24
      21
      15
      14
      15
      13
      17
      17
      12
      19
      14
      11
      14
      20
      23
       6
      12
      23
       9
       7
      20
      15
      13
      10
      12
       8
       9
      11
       9
       6
      16
       9
       9
       9
      13
       7
       8
      13
       8
       5
       6
       8
       9
       6
       6
       9
       9
       6
       5
       7
      10
       8
       7
       6
       6
       8
       9
       3
       8
      14
       4
       9
       3
       6
       3
       6
       3
       4
       7
       3
       1
       5
       5
       3
       5
       7
       3
       2
       7
       7
       4
       2
       2
       1
       6
       5
       3
       1
       2
       5
       5
       6
       4
       3
       2
       5
       3
       5
       1
       3
       5
       5
       3
       2
       6
       2
       4
       3
       2
       4
       1
       4
       3
       3
       5
       2
       5
       1
       1
       4
       2
       1
       4
       3
       5
       1
       5
       2
       5
       2
       4
       4
       1
       0
       3
       4
       5
       2
       6
       3
       1
       4
       3
       2
       0
       2
       2
       0
       2
       3
       0
       1
       2
       3
       5
       3
       1
       5
       3
       0
       3
       3
       2
       0
       1
       3
       3
       1
       2
       1
       4
       3
       3
       2
       1
       2
       1
       3
       3
       1
       1
       1
       1
       2
       1
       1
       2
       1
       1
       4
       2
       0
       3
       3
       3
       2
       1
       6
       1
       1
       0
       1
       3
       0
       4
       1
       3
       2
       2
       4
       0
       1
       3
       1
       1
       0
       2
       2
       3
       0
       3
       1
       2
       1
       1
       2
       2
       1
       4
       2
       0
       5
       0
       3
       2
       0
       1
       0
       0
       4
       3
       2
       0
       1
       2
       2
       4
       1
       0
       0
       1
       1
       1
       2
       1
       1
       1
       4
       5
       1
       2
       1
       3
       4
       2
       1
       0
       1
       3
       2
       1
       1
       0
       3
       1
       1
       1
       1
       4
       0
       4
       2
       2
       1
       4
       1
       2
       1
       1
       3
       1
       0
       0
       0
       3
       2
       1
       3
       2
       5
       1
       0
       3
       3
       1
       3
       1
       2
       2
       1
       1
       1
       2
       1
       1
       0
       0
       2
       0
       3
       0
       2
       0
       1
       2
       0
       0
       1
       1
       2
       1
       2
       1
       1
       2
       2
       1
       1
       1
       0
       0
       2
       1
       2
       2
       1
       1
       1
       4
       0
       2
       4
       2
       0
       1
       1
       1
       3
       2
       2
       0
       1
       2
       1
       1
       2
       1
       2
       4
       1
       0
       1
       3
       3
       3
       1
       1
       0
       0
       4
       2
       2
       2
       1
       5
       0
       0
       2
       1
       1
       0
       4
       1
       1
       3
       0
       1
       1
       3
       0
       1
       0
       4
       2
       0
       2
       1
       0
       0
       2
       2
       1
       2
       5
       2
       2
       3
       0
       1
       1
       1
       1
       1
       2
       1
       3
       0
       2
       1
       0
       0
       1
       3
       2
       0
       1
       0
       0
       2
       0
       0
       1
       2
       1
       3
       2
       2
       0
       0
       3
       1
       0
       0
       2
       3
       1
       0
       0
       0
       3
       3
       0
       0
       2
       3
       2
       0
       3
       0
       1
       0
       1
       0
       1
       3
       1
       1
       2
       0
       1
       1
       0
       2
       0
       1
       0
       0
       0
       1
       1
       1
       0
       0
       2
       1
       0
       4
       1
       2
       1
       2
       1
       1
       0
       0
       1
       0
       2
       0
       0
       0
       1
       1
       0
       0
       0
       1
       2
       1
       0
       1
       1
       0
       5
       0
       0
       2
       0
       0
       1
       0
       0
       1
       1
       1
       0
       2
       0
       0
       2
       0
       0
       2
       0
       0
       0
       1
       0
       2
       1
       2
       0
       3
       0
       1
       0
       1
       0
       1
       1
       4
       4
       1
       0
       0
       0
       1
       2
       0
       0
       0
       0
       2
       0
       1
       2
       2
       0
       0
       2
       2
       1
       0
       0
       0
       0
       1
       1
       1
       0
       0
       1
       1
       1
       0
       0
       0
       0
       0
       1
       0
       0
       0
       0
       1
       1
       0
       0
       3
       0
       0
       0
       0
       1
       1
       1
       0
       0
       1
       0
       0
       1
       1
       3
       0
       0
       1
       0
       0
       3
       0
       0
       0
       2
       0
       1
       0
       1
       1
       0
       0
       0
       0
       1
       5
       1
       1
       1
       1
       0
       0
       1
       0
       1
       0
       0
       0
       1
       1
       0
       0
       1
       0
       0
       0
       0
       0
       1
       1
       0
       0
       0
       1
       0
       1
       1
       0
       0
       1
       0
       1
       0
       0
       0
       1
       1
       0
       2
       0
       0
       2
       0
       1
       0
       0
       0
       0
       0
       0
       0
       2
       0
       0
       1
       0
       1
       1
       0
       0
       0
       1
       1
       2
       1
       1
       0
       0
       0
       1
       0
       1
       1
       2
       2
       0
       0
       0
       2
       0
       0
       0
       0
       0
       0
       0
       0
       0
       0
       0
       0
       0
       0
       1
       0
       1
       2
       1
       1
       0
       0
       2
       0
       0
       0
       0
       0
       0
       2
       1
       0
       1
       1
       0
       0
       1
       0
       1
       2
       1
       0
       0
       0
       3
       0
       2
       0
       0
       0
       0
       0
       0
       0
       0
       1
       0
       1
       2
       0
       0
       2
       0
       0
       0
       0
       0
       1
       1
       0
       0
       1
       0
       2
       2
       2
       0
       0
       0
       0
       0
       1
       0
       0
       1
       0
       0
       1
       1
       1
       1
       2
       1
       1
       0
       1
       0
       0
       0
       0
       2
       0
       2
       0
       1
       2
       0
       0
       0
       0
       0
       1
       1
       0
       0
       1
       2
       1
       2
       0
       1
       0
       0
       0
       1
       0
       1
       0
       0
       2
       1
       1
       0
       1
       1
       0
       0
       1
       0
       1
       1
       0
       1
       0
       0
       0
       0
       1
       1
       0
       0
       0
       0
       0
       0
       0
       0
       0
       1
       0
       1
       0
       1
       1
       2
       0
       0
       0
       1
       0
       2
       1
       1
       1
       1
       0
       0
       0
       2
       1
       0
       1
       0
       1
       1
       0
       0
       0
       0
       0
       1
       0
       0
       1
       0
       0
       0
       0
       0
       0
       0
       0
       0
       0
       0
       0
       0
       0
       0
       0
       0
       0
       0
       0
       0
       0
       0
       0
       0
       0
       0
       0
       0
       0
       0
       0
$ROI:
6
67 116
196 256
297 368
871 937
1189 1365
1529 1730
$PRESETS:
None
0
0
$ENER_FIT:
-0.231476 0.346771
$MCA_CAL:
3
-2.314757E-001 3.467707E-001 5.144805E-005 keV
$SHAPE_CAL:
3
1.165611E+001 9.210392E-002 -6.085550E-005
