$SPEC_ID:
No sample description was entered.
$SPEC_REM:
DET# 1
DETDESC# FSGUNIV-O93LS3D Easy-MCA-8k SN 17088661
AP# Maestro Version 7.01
$DATE_MEA:
03/11/2024 12:22:21
$MEAS_TIM:
311 313
$DATA:
0 2047
       0
       0
       0
       1
       1
       0
       0
       0
       0
       0
       0
       0
       0
       0
       0
       0
       0
       0
       0
       0
       0
       0
       0
       0
       0
       0
       0
       0
       0
       0
       0
       0
       0
       0
       0
       0
       0
       0
       0
       0
       5
       8
       9
      10
      11
      13
      10
       7
       9
      13
       6
      14
       7
       6
       7
      12
       8
       4
      12
      15
       8
      10
       4
       4
       8
      10
       7
      11
       6
       5
      12
       9
      10
       7
       8
       8
       8
       8
       9
      11
      14
      11
       7
       6
       8
       7
       4
       9
      12
       8
      13
      12
      12
      14
       7
       4
       8
       9
       6
       5
       6
      10
      13
      17
      14
       8
      12
       9
      10
       6
       6
      16
       9
      11
      15
      12
      10
       4
      13
      16
       9
      10
      11
       5
      10
      10
      11
       6
      11
       9
      11
      15
       9
       8
      15
       9
       7
       9
       8
       9
       9
      14
       9
      12
       8
       9
       3
       7
       8
      11
      12
      11
      10
       7
      12
      13
      11
      15
      17
      14
      14
      14
       8
       6
       3
      10
       6
      15
       7
       8
      10
       7
       8
      13
       7
      14
      11
      12
      13
      16
      12
      11
      10
      12
       9
      12
      13
      11
       9
       9
      15
      17
      13
       9
      22
       8
      22
      16
      20
      12
      14
      16
      16
      23
      16
      13
      13
      14
      16
      17
      25
      17
      19
      15
      16
      18
      17
      13
      11
      12
      21
      17
      15
      12
      13
      19
      19
      15
      17
      19
      17
      18
      21
      13
      15
      22
      11
      13
      11
      11
      22
      16
      21
      17
      12
      18
      17
      10
      11
      14
      12
      11
      12
      16
      21
       9
      15
      10
      13
      13
      17
       8
      13
      20
      20
      18
      19
      14
      19
      16
       6
      16
      12
      13
      15
      10
      15
      15
      14
      14
      10
      14
      14
      18
      22
      16
      19
      14
      18
      18
      12
      21
      20
      10
      21
      21
      18
      12
       8
       8
      18
       9
      27
      20
      15
      21
      12
      14
      22
      12
      12
      19
      10
      22
      17
      18
      12
      22
      19
      24
      31
      22
      14
      19
      26
      13
      27
      23
      22
      16
      19
      23
      19
      14
      22
      23
      23
      14
      31
      22
      17
      21
      22
      25
      22
      17
      23
      27
      17
      21
      17
      22
      29
      23
      25
      20
      15
      32
      20
      21
      19
      30
      15
      22
      26
      21
      20
      28
      16
      25
      21
      23
      27
      27
      23
      21
      19
      17
      22
      18
      34
      20
      21
      26
      34
      21
      17
      21
      31
      22
      13
      27
      20
      20
      11
      27
      25
      26
      20
      27
      22
      18
      20
      13
      20
      30
      26
      23
      30
      19
      20
      25
      26
      19
      15
      26
      26
      24
      21
      12
      12
      15
      25
      13
      26
      16
      24
      22
      26
      33
      26
      22
      19
      29
      14
      25
      18
      33
      31
      25
      28
      24
      23
      35
      17
      17
      30
      21
      31
      22
      21
      18
      16
      20
      24
      23
      11
      24
      21
      28
      24
      26
      26
      15
      21
      20
      20
      29
      14
      13
      27
      14
      24
      17
      23
      17
      18
      25
      22
      20
      10
      19
      15
      18
      20
      24
      28
      22
      22
      20
      23
      18
      24
      19
      32
      12
      18
      17
      20
      23
      21
      28
      16
      27
      19
      20
      22
      21
      17
      28
      23
      24
      16
      19
      17
      14
      17
      25
      17
      20
      23
      31
      21
      19
      22
      18
      21
      16
      22
      20
      21
      14
      19
      23
      19
      29
      14
      19
      23
      23
      20
      20
      12
      21
      12
      23
      24
      22
      15
      16
      18
      12
      23
      17
      23
      17
      20
      21
      22
      18
      26
      19
      21
      16
      21
      17
      19
      21
      20
      20
      20
      21
      19
      21
      22
      26
      17
      10
      21
      20
      23
      30
      26
      11
      16
      24
      20
      13
      18
      17
      25
      23
      11
      19
      10
      11
      18
      20
      23
       9
      17
      11
      21
      19
      14
      18
      13
      16
      18
      24
      25
      12
      12
      12
      13
      23
      25
      15
      13
      13
      12
      19
      16
      14
      24
      10
      21
      23
      17
      14
      28
      23
      15
      22
      25
      17
      12
      17
      28
      15
      10
      17
      13
      15
      24
      10
      21
      19
      12
      15
      21
      21
      18
      14
      16
      18
      13
      13
      13
      14
      19
      17
      21
      17
      18
      20
      18
      27
      13
      23
      19
      27
       9
      21
      13
      16
      19
      17
      20
      18
      16
      10
      11
      16
      17
      21
      18
      13
      17
      12
      23
      20
      11
      18
      15
      13
      12
      14
      20
      12
      12
      12
      16
      15
      15
      14
      10
      23
      14
      18
      18
      14
      11
      15
      19
      11
      16
      16
      11
       9
      15
      16
      17
      11
      11
      11
      17
      15
      21
      13
      13
      11
      10
      13
      12
      13
      14
      13
      15
      12
      10
      17
       8
      12
      13
      14
      13
      16
      14
      19
      12
      15
      13
      13
      12
      13
      14
       9
      12
      15
      10
      11
      13
      18
      15
       9
      12
      13
      16
       8
      15
      15
      10
       8
      10
      18
      10
      17
      21
      14
      12
      17
      19
      12
      19
      10
      13
      11
      18
      14
      11
       7
      16
      22
      16
       8
       9
      17
      12
      10
      10
       8
      14
      12
      14
      17
      11
      13
      12
      11
       9
      17
      15
      13
      18
      10
      13
      10
      11
      21
      17
      16
      11
      16
      19
      10
      16
       5
      16
      12
      12
      13
       6
      20
      15
      12
      17
      15
      14
      11
      11
      15
      11
      13
      10
      21
       8
      14
      17
      23
      14
       8
      14
      19
      17
      15
      18
      16
      20
      20
      11
      12
      11
      12
      19
      11
      19
      17
      17
      13
      19
      16
      12
      20
      23
      18
      17
      14
      13
      18
      16
      19
      11
      20
      20
      12
      14
      26
      14
      17
      16
      10
      16
      23
      12
      12
      12
      15
      21
       8
      15
      21
      17
      14
      26
      27
      13
      19
      22
      21
      15
      20
      18
      20
      20
      21
      20
      23
      22
      26
      23
      20
      22
      26
      18
      19
      29
      25
      21
      27
      34
      33
      28
      26
      20
      26
      22
      13
      32
      25
      34
      46
      25
      31
      26
      22
      28
      32
      42
      23
      28
      33
      42
      43
      30
      33
      34
      24
      52
      26
      37
      42
      46
      37
      39
      33
      37
      36
      28
      29
      36
      51
      47
      41
      36
      44
      42
      37
      40
      33
      44
      40
      33
      45
      41
      41
      43
      49
      43
      36
      49
      32
      36
      56
      51
      44
      55
      39
      52
      46
      47
      50
      45
      44
      39
      49
      43
      52
      48
      42
      52
      42
      39
      49
      47
      46
      60
      55
      42
      44
      42
      57
      49
      56
      52
      47
      52
      45
      43
      50
      51
      52
      55
      46
      48
      59
      48
      54
      61
      53
      36
      64
      52
      48
      57
      49
      51
      48
      58
      47
      54
      51
      50
      42
      45
      59
      63
      43
      45
      46
      50
      44
      73
      47
      43
      51
      49
      47
      45
      42
      54
      59
      43
      63
      56
      30
      39
      44
      50
      51
      42
      47
      39
      39
      52
      47
      38
      34
      41
      38
      44
      39
      40
      35
      49
      28
      37
      39
      37
      44
      35
      38
      50
      37
      41
      45
      40
      42
      46
      42
      32
      26
      37
      45
      31
      34
      25
      35
      32
      34
      25
      37
      30
      27
      30
      30
      36
      23
      28
      35
      34
      34
      24
      11
      24
      27
      21
      26
      28
      21
      20
      20
      34
      16
      21
      34
      18
      24
      23
      14
      20
      22
      28
      19
      20
      19
      16
      20
      31
      22
      10
      18
      18
      16
      19
      17
      18
      15
      14
      16
      18
      10
      17
      19
      14
      25
      23
      11
      16
      10
      15
      15
       9
       6
      13
      16
       9
      18
      10
      13
      18
      12
       9
      16
      12
      14
      11
      20
       5
      12
       8
      15
      10
      11
      14
       9
       7
       7
       9
      10
       8
       6
       7
       7
       6
      13
      10
       7
       8
       4
       5
       4
       8
      10
       8
       9
       5
       6
       7
       5
       6
       3
      10
       4
       1
       4
       5
       5
       2
       7
       4
       7
       1
       2
       1
       7
       2
       7
       5
       6
       5
       9
       7
       5
       8
       5
       5
       8
       2
       7
       2
       6
       5
       4
       3
       6
       5
       6
       4
       5
       4
       1
       1
       5
       2
       2
       3
       5
       6
       2
       5
       2
       3
       0
       0
       6
       3
       2
       5
       3
       0
       4
       3
       1
       1
       3
       0
       3
       1
       2
       2
       0
       2
       4
       2
       0
       3
       4
       1
       1
       3
       0
       1
       3
       2
       0
       3
       0
       2
       0
       5
       1
       0
       1
       1
       0
       3
       2
       1
       2
       1
       0
       3
       2
       2
       3
       0
       1
       0
       1
       4
       0
       1
       1
       0
       4
       1
       2
       2
       1
       0
       3
       3
       0
       0
       4
       0
       2
       5
       0
       1
       0
       1
       1
       3
       0
       0
       1
       2
       0
       1
       1
       1
       2
       0
       1
       3
       0
       2
       0
       1
       1
       1
       0
       3
       0
       1
       4
       1
       3
       1
       1
       3
       0
       1
       1
       1
       0
       2
       0
       1
       0
       0
       1
       0
       1
       2
       1
       0
       4
       0
       0
       1
       0
       1
       0
       2
       2
       0
       0
       0
       1
       1
       0
       1
       2
       1
       1
       0
       2
       0
       2
       0
       1
       3
       2
       1
       3
       2
       0
       2
       1
       0
       2
       2
       2
       0
       0
       2
       0
       2
       2
       1
       0
       1
       0
       2
       1
       2
       0
       2
       1
       0
       0
       0
       2
       2
       1
       3
       2
       3
       0
       2
       0
       0
       0
       0
       0
       1
       0
       0
       1
       0
       1
       1
       1
       1
       3
       0
       1
       0
       1
       0
       0
       1
       1
       0
       1
       6
       1
       0
       0
       2
       0
       0
       2
       1
       1
       0
       2
       0
       1
       0
       1
       1
       1
       2
       0
       2
       2
       0
       0
       0
       1
       1
       0
       1
       1
       0
       2
       1
       1
       0
       0
       1
       0
       0
       0
       2
       2
       0
       1
       2
       0
       0
       1
       1
       1
       3
       1
       2
       1
       2
       1
       0
       1
       0
       0
       0
       0
       1
       1
       1
       0
       1
       0
       1
       0
       0
       1
       0
       0
       0
       0
       0
       0
       0
       2
       0
       1
       0
       1
       0
       2
       0
       1
       0
       0
       0
       1
       0
       0
       0
       1
       1
       0
       0
       0
       0
       0
       0
       0
       0
       1
       0
       1
       1
       1
       1
       0
       1
       1
       0
       0
       1
       1
       1
       0
       0
       3
       0
       1
       0
       1
       0
       0
       0
       0
       0
       1
       0
       0
       0
       1
       0
       0
       0
       1
       1
       0
       1
       0
       0
       0
       0
       0
       0
       3
       1
       1
       0
       1
       0
       0
       0
       0
       2
       0
       0
       0
       0
       0
       1
       0
       1
       1
       0
       1
       0
       1
       0
       0
       0
       0
       0
       1
       2
       0
       2
       0
       0
       0
       0
       0
       0
       1
       0
       1
       0
       0
       0
       2
       0
       0
       0
       0
       0
       0
       0
       0
       0
       1
       0
       0
       0
       0
       2
       0
       0
       0
       0
       1
       0
       0
       0
       0
       0
       0
       0
       0
       0
       0
       0
       0
       0
       0
       0
       1
       0
       0
       0
       1
       0
       0
       0
       0
       0
       0
       0
       0
       1
       0
       0
       0
       0
       1
       1
       0
       0
       0
       0
       0
       0
       1
       0
       1
       0
       1
       0
       0
       1
       0
       0
       0
       0
       0
       1
       0
       1
       1
       0
       1
       0
       1
       0
       0
       0
       1
       0
       1
       0
       1
       1
       1
       0
       0
       0
       2
       0
       0
       0
       0
       0
       0
       0
       0
       0
       0
       0
       0
       1
       0
       0
       1
       0
       1
       0
       0
       0
       0
       1
       0
       0
       0
       0
       0
       0
       0
       0
       0
       1
       0
       0
       0
       0
       0
       0
       0
       1
       0
       0
       0
       0
       1
       0
       0
       1
       0
       0
       0
       1
       0
       0
       0
       0
       0
       2
       0
       0
       1
       1
       0
       0
       0
       0
       0
       0
       0
       0
       0
       1
       0
       2
       0
       0
       1
       0
       0
       1
       0
       1
       0
       1
       0
       0
       0
       0
       0
       0
       0
       0
       0
       0
       0
       0
       0
       0
       0
       0
       1
       0
       0
       0
       0
       0
       1
       0
       1
       0
       0
       0
       0
       2
       1
       0
       0
       0
       2
       1
       0
       0
       0
       0
       0
       0
       0
       0
       0
       0
       0
       0
       0
       1
       0
       1
       1
       0
       1
       0
       1
       0
       1
       0
       1
       0
       0
       0
       0
       0
       1
       1
       0
       1
       0
       1
       1
       0
       0
       1
       0
       0
       1
       0
       1
       0
       0
       0
       0
       0
       0
       0
       1
       0
       0
       0
       0
       0
       0
       0
       2
       0
       1
       0
       0
       0
       0
       1
       0
       1
       0
       0
       0
       0
       0
       0
       0
       1
       1
       0
       1
       0
       0
       0
       0
       0
       0
       0
       0
       1
       1
       0
       0
       0
       0
       0
       0
       0
       0
       0
       2
       0
       1
       1
       0
       0
       0
       0
       0
       0
       0
       0
       0
       0
       0
       0
       0
       0
       0
       0
       0
       0
       0
       0
       0
       0
       0
       0
       0
       0
       0
       0
       0
       0
       0
       0
       0
       0
       0
$ROI:
6
67 116
196 256
297 368
871 937
1189 1365
1529 1730
$PRESETS:
None
0
0
$ENER_FIT:
-0.231476 0.346771
$MCA_CAL:
3
-2.314757E-001 3.467707E-001 5.144805E-005 keV
$SHAPE_CAL:
3
1.165611E+001 9.210392E-002 -6.085550E-005
