$SPEC_ID:
No sample description was entered.
$SPEC_REM:
DET# 1
DETDESC# FSGUNIV-O93LS3D Easy-MCA-8k SN 17088661
AP# Maestro Version 7.01
$DATE_MEA:
03/11/2024 08:56:53
$MEAS_TIM:
172 174
$DATA:
0 2047
       0
       0
       0
       0
       0
       0
       0
       0
       0
       0
       0
       0
       0
       0
       0
       0
       0
       0
       0
       0
       0
       0
       0
       0
       0
       0
       0
       0
       0
       0
       0
       0
       0
       0
       0
       0
       0
       0
       0
       0
      13
      11
       6
      10
      16
       7
      15
      11
      14
       8
      15
      17
       8
      10
       8
      14
      20
      11
      15
      18
      15
      20
      11
      14
      18
       8
      14
      11
      20
      13
      14
      19
      20
      14
      26
      21
      28
      25
      43
      29
      42
      36
      55
      50
      58
      75
      88
      70
      73
      73
      89
     101
     100
      94
      93
      83
      73
      92
      82
      94
      71
      53
      57
      41
      46
      44
      37
      42
      34
      34
      29
      23
      20
      15
      26
      24
      17
      20
      22
      16
      10
      17
       5
      14
      14
      14
      15
      21
      13
      19
      15
      17
      11
      13
      12
      16
      22
      10
      18
       8
      22
      13
      10
      17
       9
      13
      15
      12
      16
      12
      22
      16
      20
      21
      23
      14
      13
      17
      10
       9
      10
      31
       9
      16
      14
      14
      17
      16
      15
       9
      15
      20
      15
      19
      10
      10
      13
      14
      12
      15
      20
      20
      16
      20
      17
      21
      19
      21
      11
      10
      24
      21
      19
      17
      28
      15
      24
      25
      24
      26
      24
      25
      23
      20
      27
      31
      25
      29
      29
      27
      26
      32
      30
      33
      27
      31
      23
      38
      16
      29
      17
      25
      28
      26
      27
      30
      21
      26
      26
      11
      20
      13
      16
      20
      24
      20
      17
      24
      25
      19
      17
      22
      16
      16
      22
      25
      16
      21
      15
      21
      13
      21
      13
      21
      11
      16
      19
      12
      14
      12
      11
      12
       9
      18
      17
      16
      12
      14
      20
      12
      17
      19
      11
       8
      20
       9
       8
      15
      24
      14
      12
      13
      15
       7
      18
      16
      16
      11
      19
      16
      16
       9
      12
      12
      17
      13
      22
      16
      23
      11
      21
      14
      15
      19
      16
      11
      17
      12
       7
      19
      12
      10
      12
      21
      12
      13
      16
      13
      14
       8
      14
      16
      15
      16
      18
      11
      15
      13
      10
      14
       9
      16
      11
      14
      19
      19
      14
      13
      16
      16
      15
      15
      18
      13
      19
      20
      16
      17
      20
      21
      14
       6
      14
      13
      20
      12
       8
      13
      20
       7
      13
      15
      18
      17
      14
      18
      16
      15
      19
      15
      16
      11
      14
      15
       8
      16
      23
      11
      18
      16
      21
      12
      17
      10
      12
      14
       8
      17
      15
      10
      19
      15
      13
      15
      12
      15
      15
      18
      13
      13
      21
      17
      21
      18
      23
      10
      15
      15
      16
      12
      16
      13
      16
       9
      20
      14
      24
      18
      17
      18
      16
      10
      13
      12
      11
      12
      16
      12
      14
      17
      14
      14
      16
       5
      15
      18
      18
       9
      18
      21
      14
      16
      15
      20
      10
      13
      23
      15
      11
      13
      16
      12
      12
      28
      10
      17
      15
      13
      17
      10
      18
      13
      13
      22
      20
      18
      17
      19
      11
      16
      18
      17
      11
      18
      19
      16
      12
      24
      20
      22
      12
      17
      18
      15
      23
      21
      26
      18
      16
      17
      13
      29
      18
      22
      13
      17
      24
      20
      15
      19
      13
      20
      21
      25
      21
      15
      23
      18
      18
      24
      20
      16
      14
      17
      18
      19
      16
      26
      15
      15
      16
      27
      13
      24
      20
      10
      20
      20
      13
      17
      19
      16
      14
      19
      14
      16
      25
      23
      23
      22
      15
      19
      14
      17
      18
      19
      23
      14
      11
      17
      18
      14
      15
      10
      15
      20
       9
      19
      18
      13
      14
      18
      17
      11
      20
      15
      13
      20
      18
      21
      27
      22
      16
      19
      14
      22
      18
      14
      17
      21
      11
      16
      14
      15
      18
      14
      17
      14
       8
      16
      16
      18
      20
      12
      22
      24
      16
      20
      24
      18
      14
      22
      15
      11
      17
      19
      18
      20
      14
      20
      13
      15
      10
      14
      15
      20
      14
      19
      12
      15
      13
      14
      19
      23
      16
      12
      20
      18
       9
      14
      14
      13
      17
      14
      18
      11
      21
      12
      11
      16
       5
      16
      20
       9
      19
      10
      16
      14
      24
      14
      17
      17
      18
      11
      15
      14
      14
      12
      13
      11
      18
      18
      14
      22
       6
      13
      16
      15
      16
       9
      10
      17
      10
      17
      18
      16
      18
      17
      17
      14
      21
      15
      18
      14
      16
      18
      16
      10
      23
      12
      17
      18
      13
      22
      14
      19
      15
       6
      16
      17
      16
      10
      15
      15
      12
      15
      25
      16
      18
      16
      16
      16
      14
      17
      15
      13
      16
      16
      12
      21
      11
      13
      22
      18
      15
      21
      16
      25
      15
      17
      15
      15
      18
      20
      11
      20
      17
      14
      13
      23
      12
      12
      20
      12
      22
      20
      19
      11
      19
      21
      25
      14
      17
      17
      13
      22
      22
      14
      12
      24
      18
      15
       8
      15
      21
      16
      14
      19
      14
      16
      16
      21
      17
      13
      14
      15
      16
      19
      14
      15
      17
      16
      19
      14
      15
      15
      17
      20
      15
      14
      16
      19
      19
      13
      16
      18
      18
      12
      12
      10
      13
      23
      14
      15
      15
      19
      16
       9
       7
      16
      15
      13
      11
      17
      20
      12
      24
      21
      19
      12
      23
      17
      13
      13
      21
      16
      11
      17
      13
      13
      18
      24
      20
      14
      15
      15
      17
      12
      19
      17
      15
       9
      24
      10
      10
      18
      17
      10
      11
      32
      12
      19
      11
       9
       8
      15
      11
      10
      13
      15
      16
      17
      17
      12
      15
      21
      14
      13
      10
       8
      17
      19
      25
      17
      19
      18
      14
      17
      14
      15
      13
      16
      16
      13
      16
      15
      14
      19
      12
      13
      18
      12
      22
      13
      16
      24
      13
      13
      21
      21
      21
      16
      20
      14
      15
      13
      15
      18
      15
      15
      15
      11
      20
      15
      17
      12
      18
      16
      13
      24
      12
      15
      13
      11
      18
      22
      14
      21
       9
      15
      10
      14
      18
      14
      12
      13
      11
      15
      12
      13
       5
      18
      16
      21
      13
      15
      19
      14
      18
       7
      15
       7
      13
      14
      17
      20
      14
      16
      15
      18
      14
      21
      13
      11
      13
      16
      19
      15
      14
      15
      14
      22
      16
      19
      10
       9
      21
      17
      23
      11
      12
      16
       8
      19
      15
      12
      13
       7
      16
      10
      11
      13
      17
      19
      13
      21
      17
      20
      15
      16
      12
      17
      21
      14
      21
      15
      12
      17
      17
      17
      11
      25
      19
      15
      16
      22
      13
      23
      12
      19
      18
      19
      20
      18
      15
      16
      30
      11
      17
      15
      17
      12
      20
      18
      18
      10
      10
      12
      13
      18
      10
      18
      14
       9
      19
      16
      17
      16
      11
       8
      19
      18
      13
       7
      14
      15
      19
      23
       7
      18
      19
      11
      16
      19
      13
      18
      22
       8
      20
      17
      18
      14
      21
      12
      16
      17
      20
      21
      13
      16
      18
      14
      16
      13
      16
      18
      19
      16
      20
      15
      12
      19
      11
      13
      22
      12
      14
      20
       9
      15
      23
      20
      16
      11
      17
      14
      17
      23
      12
      19
       6
      17
      11
      12
      18
      14
      17
      13
      17
      12
      10
      10
      11
      15
      10
      15
      19
      21
      20
      16
      16
      16
      11
      21
      12
      18
      15
      16
      12
       8
      16
      11
      16
      19
      15
      13
       9
      10
      15
      15
      16
      14
      17
      14
      15
      16
      18
       7
       9
      17
      10
      12
      19
      17
      19
      15
      23
       9
       8
       7
      13
       8
       9
       7
       9
       7
      11
      11
      11
      12
      12
       9
      10
       9
       7
      10
      12
       8
      11
      12
      13
       8
       9
       7
       7
       5
      14
       6
       8
       9
       5
      11
       8
       6
       8
       5
      11
      12
       6
       6
       6
       6
       7
       7
       7
      10
       6
       2
       6
      12
       3
       4
       8
       6
       4
       5
       9
       4
       2
       5
       5
       7
       4
      10
       9
       5
       5
      10
      14
       4
      11
       5
       8
       8
       4
       5
       8
       5
       4
       9
       3
       2
       6
       7
       6
       5
       4
       7
      10
       4
       5
       4
      11
       3
       6
       7
       5
       5
       4
       8
       7
       5
       2
       5
       9
       2
       5
       1
       7
       8
       7
       5
       5
       1
       1
      10
       6
       4
       6
       7
       6
       5
       1
       9
       3
       9
       9
       6
       2
       2
       5
       4
       5
       4
       5
       3
       5
       7
       6
       5
       3
       2
       8
       8
       7
       4
       3
       6
       4
       5
       5
       3
       8
       9
       7
       5
       4
       5
       5
       3
       7
       4
       8
       3
       4
       2
       7
       4
       3
       2
       7
       4
       4
       3
       6
       1
       1
       2
       4
       3
       4
       4
       4
       7
       4
       5
       1
       8
       3
       3
       2
       1
       1
       9
       3
       5
       5
       6
       2
       3
       3
       6
       3
       6
       3
       4
       6
       5
       4
       5
       2
       2
       3
       3
       4
       5
       5
       5
       5
       3
       3
       5
       2
       5
       3
       4
       5
       2
       4
       2
       2
       2
       5
       4
       5
       4
       1
       7
       2
       1
       4
       3
       2
       4
       4
       1
       4
       2
       3
       3
       5
       3
       2
       3
       3
       3
       3
       2
       5
       3
       5
       4
       5
       4
       7
       4
       1
       2
       2
       4
       2
       4
       5
       2
       2
       4
       1
       5
       0
       4
       8
       6
       1
       5
       5
       4
       4
       8
       5
       4
       3
       4
       1
       3
       4
       9
      11
       1
       3
       7
       4
       8
      10
       4
       2
       2
       7
       4
       4
       4
       5
       4
       6
       5
      11
       8
       6
       3
       5
       4
       3
       4
       4
       3
       6
       9
       8
       9
       2
      10
      11
       9
      11
       8
       7
       8
      12
      12
       6
       6
       8
      10
       8
      10
       7
      14
       7
      13
      15
       8
      13
       8
      20
      15
      21
      13
      16
      16
      13
      15
      19
      23
      23
      11
      23
      18
      21
      18
      24
      21
      24
      24
      22
      20
      23
      17
      16
      41
      30
      22
      21
      36
      28
      30
      24
      32
      27
      33
      37
      43
      32
      42
      37
      29
      38
      40
      44
      45
      33
      44
      43
      30
      44
      45
      48
      54
      48
      67
      52
      54
      48
      62
      52
      62
      66
      57
      63
      66
      69
      78
      68
      60
      63
      62
      60
      65
      69
      69
      59
      69
      59
      62
      69
      74
      78
      70
      76
      51
      77
      91
      98
      76
      80
      76
      86
      91
      81
      75
      88
      83
      73
      82
      76
      80
      81
      88
      61
      93
      85
     106
      89
      92
      72
      95
      89
      81
      90
      86
      94
      89
      80
      83
      92
      77
      88
      86
      76
      73
      86
      85
      75
      82
      74
      80
      76
      62
      66
      69
      83
      82
      78
      73
      70
      77
      66
      81
      65
      57
      66
      62
      63
      64
      59
      45
      58
      54
      56
      62
      61
      53
      57
      68
      60
      56
      61
      40
      62
      46
      43
      52
      42
      33
      42
      40
      47
      34
      28
      42
      30
      29
      45
      35
      29
      35
      26
      33
      25
      35
      24
      29
      39
      24
      26
      25
      28
      18
      22
      29
      27
      22
      18
      17
      14
      17
      19
       5
      17
      12
      16
      16
      15
      19
      10
      15
      10
      11
      16
       8
       4
       9
       9
       3
      15
       6
       9
       6
       7
       7
       6
       5
       5
       8
       4
       2
       6
       2
       3
       7
       3
       3
       2
       4
       5
       1
       4
       2
       4
       2
       2
       1
       3
       2
       1
       0
       1
       1
       0
       1
       0
       0
       2
       2
       1
       1
       2
       2
       0
       0
       0
       0
       1
       2
       1
       0
       0
       0
       0
       1
       2
       0
       0
       0
       0
       0
       1
       0
       0
       0
       0
       1
       0
       0
       0
       1
       0
       1
       0
       0
       0
       0
       1
       1
       0
       0
       0
       1
       0
       0
       0
       1
       0
       0
       0
       0
       0
       0
       0
       0
       0
       0
       0
       0
       0
       0
       0
       0
       0
       0
       0
       1
       0
       0
       0
       0
       0
       1
       0
       1
       0
       1
       0
       0
       0
       1
       1
       0
       0
       0
       0
       0
       0
       1
       1
       0
       0
       0
       0
       1
       1
       0
       0
       1
       0
       0
       0
       0
       0
       0
       0
       0
       0
       0
       0
       0
       0
       0
       0
       0
       0
       0
       0
       0
       0
       1
       0
       1
       0
       0
       0
       0
       0
       0
       0
       0
       0
       2
       0
       0
       0
       0
       0
       0
       0
       1
       0
       0
       0
       0
       0
       0
       0
       0
       0
       0
       0
       0
       1
       0
       0
       0
       0
       0
       0
       0
       0
       0
       0
       0
       1
       0
       0
       0
       0
       0
       0
       0
       0
       0
       0
       0
       0
       0
       0
       0
       0
       0
       0
       0
       0
       0
       0
       0
       0
       0
       0
       0
       0
       0
       0
       0
       0
       0
       0
       1
       0
       0
       0
       0
       0
       0
       0
       0
       0
       0
       1
       0
       0
       0
       0
       0
       0
       0
       1
       0
       1
       0
       0
       1
       0
       0
       0
       0
       0
       0
       0
       0
       0
       0
       0
       0
       0
       0
       0
       0
       0
       0
       0
       0
       0
       0
       0
       0
       0
       0
       0
       0
       0
       0
       0
       0
       0
       0
       0
       0
       0
       0
       0
       0
$ROI:
0
$PRESETS:
None
0
0
$ENER_FIT:
0.000000 0.000000
$MCA_CAL:
3
0.000000E+000 0.000000E+000 0.000000E+000 
$SHAPE_CAL:
3
0.000000E+000 0.000000E+000 0.000000E+000
