$SPEC_ID:
No sample description was entered.
$SPEC_REM:
DET# 1
DETDESC# FSGUNIV-O93LS3D Easy-MCA-8k SN 17088661
AP# Maestro Version 7.01
$DATE_MEA:
03/11/2024 10:34:55
$MEAS_TIM:
663 665
$DATA:
0 2047
       0
       0
       0
       0
       0
       0
       0
       0
       0
       0
       0
       0
       0
       0
       0
       0
       0
       0
       0
       0
       0
       0
       0
       0
       0
       0
       0
       0
       0
       0
       0
       0
       0
       0
       0
       0
       0
       0
       0
       0
       2
       5
       3
       7
       4
       4
       2
       8
       6
       8
       5
       6
       3
       7
       4
       4
       5
       5
       3
       4
       8
       7
       4
       4
       2
       6
       7
       8
       7
       3
       4
       3
       3
       5
       3
       2
       6
       5
       3
       3
       2
       7
       6
       8
      11
       7
       5
       5
       4
       6
       9
       7
       3
       4
       7
       4
       4
       5
       6
       5
       2
      12
       4
       6
       8
       8
      11
       8
       3
       5
       1
       5
       8
       2
       4
       3
       4
       3
       6
       8
       6
      12
       6
       6
       9
       3
       4
       8
       6
       5
       3
       7
       8
       7
       9
       7
       8
       7
       8
       6
       4
       5
       7
       5
       6
       4
       7
      12
       9
       7
      11
      12
      10
       6
      11
       5
      10
       7
       5
       8
       7
      11
       3
       5
      12
       6
       6
      10
       5
       5
      11
       9
       6
       9
       8
       8
      12
      12
       2
       8
      10
       7
      11
      14
      14
       9
      10
      10
      15
      13
       8
      16
       9
      10
      16
       7
      14
      11
       8
      14
      18
      14
      15
      24
      15
      13
      23
      11
      19
      16
      12
      19
      24
      14
      14
      18
      15
      15
      14
       9
      12
      17
      16
      25
      18
      14
      15
      18
      10
      12
      16
      16
      15
      12
      20
      12
      19
      13
      19
      13
      11
      16
       8
      12
      16
      16
      26
      11
      18
      19
      10
      20
      10
      13
       7
      13
      13
      20
      11
      13
      13
       9
      17
      16
      11
      13
      19
      12
      17
      13
      13
      14
      17
      11
      15
      19
      14
      17
      13
      23
      10
       5
      17
      16
      10
      19
      14
      13
      18
      19
      16
      17
      13
      19
      18
      12
      19
      21
      15
      12
      21
      16
      18
      12
      19
      13
      17
      18
      15
      10
      20
      11
      19
      16
      16
      16
      19
      10
       9
      15
      19
      12
      16
      12
      13
      13
      10
      19
      14
      17
      23
      19
      24
      11
      15
      17
      19
      13
      11
      21
      16
      20
      20
      21
      17
      15
      22
      19
      16
      19
      21
      19
      16
      21
      26
      14
      21
      14
      24
      27
      21
      16
      23
      17
      24
      15
      18
      31
      23
      15
      25
      18
      16
      14
      19
      24
      24
      18
      26
      23
      18
      23
      24
      16
      21
      19
      19
      22
      18
      22
      26
      22
      22
      23
      20
      19
      16
      22
      31
      24
      24
      22
      30
      17
      26
      24
      18
      29
      28
      23
      28
      23
      31
      26
      18
      15
      31
      21
      22
      18
      25
      23
      19
      22
      25
       8
      23
      16
      21
      17
      19
      35
      24
      28
      20
      20
      19
      15
      19
      18
      25
      15
      21
      21
      26
      11
      17
      21
      28
      18
      20
      16
      27
      32
      17
      16
      21
      31
      19
      17
      20
      25
      10
      20
      23
      22
      20
      17
      19
      28
      18
      29
      20
      23
      17
      15
      18
      28
      24
      16
      18
      19
      15
      24
      21
      21
      21
      18
      21
      25
      11
      20
      22
      21
      16
      16
      20
      13
      18
      28
      27
      20
      22
      22
      19
      14
      31
      29
      12
      29
      19
      26
      21
      28
      19
      21
      17
      22
      28
      22
      26
      15
      15
      23
      20
      16
      27
      24
      22
      22
      25
      17
      16
      21
      20
      27
      24
      24
      29
      22
      22
      30
      21
      26
      28
      40
      28
      28
      34
      30
      26
      29
      23
      26
      21
      28
      27
      32
      33
      26
      21
      29
      27
      39
      42
      21
      25
      36
      41
      30
      27
      35
      43
      38
      43
      46
      45
      53
      48
      46
      46
      47
      51
      68
      52
      56
      52
      62
      62
      77
      67
      78
      71
      73
      69
      93
      84
      72
      85
      82
      88
      71
      97
      88
      89
      96
      96
      90
      91
     112
      92
      99
     107
     109
     103
     100
     110
     119
      93
     111
     124
     121
     124
     107
     122
      94
     124
     122
     122
     106
     122
     128
     141
     112
     108
     140
     123
     125
     118
     124
     122
     119
     133
     127
     120
     111
     122
     121
      99
     119
     108
     125
     115
     125
     127
     111
     114
     103
     108
     114
      99
      87
     101
      94
     100
      91
      83
     101
     107
      83
      84
      76
      62
      73
      93
      65
      87
      86
      61
      61
      73
      64
      66
      48
      55
      60
      70
      54
      48
      47
      49
      55
      57
      37
      44
      43
      29
      36
      40
      43
      34
      38
      31
      35
      29
      25
      22
      28
      38
      26
      20
      27
      18
      19
      29
      18
      21
      29
      16
      19
      16
      21
      13
      18
      14
      18
      17
      17
      16
      23
      10
      13
      15
      14
      14
      16
       9
      10
      14
      11
      10
      13
      13
      13
       9
      12
       8
       9
      17
      18
      13
      10
      16
      13
       9
      13
       8
       9
      10
      10
       8
       9
       7
      13
      12
       9
      10
       7
       9
      10
       7
      12
      10
       5
      13
       9
       7
      10
       3
       7
       9
       6
      10
       6
       6
       5
      14
      10
       9
       8
      11
       6
      11
       4
       8
      11
       5
       4
      10
       7
       6
       5
       2
      11
       6
       8
       4
      10
       6
      11
       6
       6
       5
       5
       7
       5
       1
       7
       2
       4
      10
       2
      10
       3
       4
       4
       3
       3
       1
       4
       5
       3
       5
       1
       6
       7
       4
       3
       3
       2
       3
       6
       3
       4
       5
       6
       2
       4
       2
       5
       1
       1
       2
       4
       4
       3
       2
       4
       3
       3
       2
       3
       3
       2
       2
       1
       4
       1
       2
       1
       2
       0
       4
       2
       3
       4
       2
       2
       1
       1
       3
       1
       2
       2
       2
       1
       3
       2
       0
       1
       5
       1
       1
       1
       1
       2
       1
       3
       1
       0
       2
       4
       5
       2
       4
       4
       1
       0
       0
       1
       0
       1
       1
       1
       3
       1
       1
       0
       1
       1
       4
       2
       2
       2
       6
       0
       0
       2
       1
       1
       3
       2
       3
       2
       1
       2
       0
       0
       2
       2
       2
       3
       2
       3
       0
       1
       1
       1
       1
       3
       1
       0
       5
       2
       0
       1
       4
       0
       2
       1
       0
       2
       0
       3
       3
       3
       0
       1
       2
       3
       0
       0
       3
       2
       0
       2
       2
       1
       0
       2
       1
       4
       0
       1
       0
       1
       2
       1
       1
       1
       1
       1
       1
       2
       1
       1
       0
       0
       2
       1
       0
       1
       2
       1
       1
       1
       2
       4
       1
       0
       1
       1
       2
       4
       0
       1
       1
       1
       1
       0
       4
       4
       2
       0
       0
       2
       1
       0
       0
       1
       1
       2
       0
       1
       1
       2
       0
       0
       0
       1
       1
       1
       2
       0
       1
       1
       0
       0
       1
       2
       2
       1
       2
       2
       1
       2
       0
       2
       1
       2
       0
       2
       3
       4
       1
       0
       2
       4
       2
       2
       0
       1
       0
       1
       1
       1
       1
       2
       1
       1
       1
       2
       1
       0
       0
       4
       0
       1
       2
       1
       1
       0
       1
       1
       2
       0
       1
       0
       2
       2
       2
       0
       1
       1
       1
       0
       0
       3
       1
       0
       0
       2
       2
       6
       3
       0
       1
       1
       4
       0
       0
       0
       0
       3
       0
       2
       1
       0
       1
       0
       2
       1
       0
       1
       1
       0
       1
       0
       3
       0
       3
       2
       0
       3
       0
       1
       1
       4
       2
       1
       1
       0
       1
       2
       0
       0
       1
       0
       0
       0
       0
       0
       0
       0
       1
       0
       1
       1
       0
       1
       2
       1
       0
       1
       2
       2
       2
       0
       0
       4
       2
       0
       1
       1
       8
       1
       2
       1
       1
       2
       2
       2
       0
       1
       2
       3
       1
       1
       1
       1
       0
       0
       2
       0
       1
       4
       0
       1
       0
       0
       0
       1
       0
       1
       2
       1
       2
       0
       0
       2
       1
       3
       0
       1
       3
       0
       0
       0
       1
       2
       2
       2
       1
       0
       1
       1
       0
       0
       3
       1
       1
       0
       2
       0
       0
       3
       1
       0
       2
       0
       2
       0
       1
       1
       1
       3
       1
       0
       0
       1
       1
       1
       4
       0
       0
       1
       0
       1
       4
       1
       1
       2
       0
       0
       0
       4
       1
       2
       2
       0
       0
       1
       0
       0
       1
       2
       1
       2
       0
       0
       1
       4
       1
       1
       2
       3
       1
       2
       2
       0
       3
       4
       1
       0
       1
       2
       3
       0
       0
       1
       1
       0
       1
       3
       0
       0
       1
       1
       0
       3
       1
       2
       1
       2
       2
       1
       1
       1
       1
       2
       1
       2
       1
       1
       0
       0
       1
       2
       1
       1
       2
       1
       2
       1
       1
       3
       0
       1
       2
       3
       2
       1
       2
       0
       1
       2
       1
       0
       0
       0
       0
       1
       1
       2
       0
       1
       2
       0
       1
       0
       1
       1
       0
       1
       2
       2
       0
       0
       1
       1
       0
       2
       2
       0
       1
       0
       1
       1
       3
       0
       1
       0
       1
       0
       2
       2
       2
       0
       2
       0
       1
       1
       1
       0
       0
       1
       2
       0
       2
       1
       1
       0
       0
       0
       3
       0
       1
       2
       0
       4
       1
       3
       0
       1
       0
       0
       0
       2
       1
       1
       0
       0
       1
       3
       1
       0
       1
       1
       0
       0
       2
       5
       2
       0
       0
       2
       0
       2
       1
       0
       1
       1
       0
       0
       1
       0
       1
       0
       3
       0
       0
       0
       1
       0
       1
       1
       2
       2
       0
       0
       0
       1
       1
       1
       1
       0
       0
       3
       2
       1
       1
       2
       1
       0
       0
       1
       0
       1
       0
       0
       0
       2
       0
       1
       2
       1
       1
       1
       0
       0
       1
       1
       0
       2
       2
       0
       0
       1
       1
       1
       2
       0
       1
       1
       0
       0
       5
       2
       4
       0
       0
       3
       0
       0
       0
       0
       1
       1
       1
       1
       2
       2
       2
       2
       0
       0
       0
       1
       0
       2
       1
       0
       1
       2
       1
       1
       1
       0
       0
       2
       0
       0
       1
       0
       2
       3
       1
       2
       3
       0
       3
       1
       0
       0
       1
       0
       2
       0
       1
       2
       0
       1
       1
       1
       1
       1
       0
       0
       0
       0
       0
       0
       1
       0
       1
       1
       1
       2
       1
       1
       1
       1
       1
       1
       0
       2
       1
       0
       2
       1
       2
       1
       0
       0
       0
       3
       1
       1
       0
       0
       0
       2
       0
       0
       1
       2
       1
       0
       2
       2
       0
       3
       0
       0
       0
       0
       0
       1
       0
       1
       1
       1
       0
       1
       2
       1
       1
       0
       2
       1
       1
       1
       1
       1
       1
       4
       0
       0
       0
       2
       0
       3
       0
       1
       0
       1
       1
       0
       1
       0
       0
       1
       0
       0
       1
       0
       0
       4
       1
       1
       0
       1
       1
       3
       1
       2
       0
       0
       1
       1
       1
       1
       1
       2
       0
       1
       1
       0
       1
       0
       1
       0
       0
       1
       0
       0
       1
       0
       0
       0
       0
       0
       1
       1
       1
       0
       0
       0
       0
       0
       2
       1
       1
       1
       2
       0
       0
       2
       0
       1
       1
       1
       0
       0
       2
       2
       0
       1
       0
       0
       1
       0
       0
       1
       1
       2
       1
       0
       0
       1
       1
       1
       2
       0
       2
       1
       0
       0
       2
       1
       1
       1
       0
       2
       0
       2
       0
       0
       1
       0
       0
       2
       1
       0
       1
       1
       0
       0
       0
       1
       1
       0
       0
       2
       0
       0
       0
       0
       0
       2
       2
       0
       1
       2
       1
       0
       1
       1
       0
       3
       0
       0
       0
       0
       1
       1
       0
       2
       1
       0
       1
       0
       0
       1
       0
       0
       1
       1
       0
       2
       1
       0
       0
       0
       0
       1
       1
       0
       0
       2
       2
       0
       0
       1
       0
       0
       1
       1
       0
       3
       0
       1
       2
       1
       0
       2
       1
       1
       1
       0
       0
       0
       0
       1
       1
       0
       1
       0
       1
       1
       1
       0
       0
       0
       0
       0
       0
       0
       0
       0
       0
       1
       1
       0
       0
       1
       1
       2
       1
       0
       1
       2
       0
       1
       0
       1
       1
       1
       0
       0
       1
       0
       2
       0
       1
       0
       2
       0
       0
       0
       0
       1
       2
       0
       1
       1
       0
       2
       1
       2
       1
       1
       0
       0
       0
       0
       0
       1
       0
       0
       0
       1
       0
       2
       0
       3
       1
       0
       1
       0
       1
       1
       0
       0
       0
       0
       1
       0
       0
       0
       1
       0
       1
       0
       0
       0
       1
       0
       3
       0
       0
       0
       0
       0
       2
       1
       1
       2
       1
       0
       1
       0
       1
       0
       1
       0
       0
       1
       1
       1
       0
       2
       0
       0
       0
       0
       0
       1
       2
       0
       1
       1
       0
       1
       3
       0
       1
       1
       1
       2
       1
       1
       2
       1
       0
       0
       1
       0
       1
       0
       0
       0
       1
       0
       2
       0
       0
       1
       0
       0
       0
       0
       0
       1
       0
       1
       0
       0
       1
       1
       0
       0
       0
       0
       0
       0
       0
       0
       0
       0
       0
       0
       0
       0
       0
       0
       0
       0
       0
       0
       0
       0
       0
       0
       0
       0
       0
       0
       0
       0
       0
       0
       0
       0
       0
       0
       0
       0
$ROI:
6
67 116
196 256
297 368
871 937
1189 1365
1529 1730
$PRESETS:
None
0
0
$ENER_FIT:
-0.231476 0.346771
$MCA_CAL:
3
-2.314757E-001 3.467707E-001 5.144805E-005 keV
$SHAPE_CAL:
3
1.165611E+001 9.210392E-002 -6.085550E-005
