$SPEC_ID:
No sample description was entered.
$SPEC_REM:
DET# 1
DETDESC# FSGUNIV-O93LS3D Easy-MCA-8k SN 17088661
AP# Maestro Version 7.01
$DATE_MEA:
03/11/2024 11:18:34
$MEAS_TIM:
599 601
$DATA:
0 2047
       0
       0
       0
       0
       0
       0
       0
       0
       0
       0
       0
       0
       0
       0
       0
       0
       0
       0
       0
       0
       0
       0
       0
       0
       0
       0
       0
       0
       0
       0
       0
       0
       0
       0
       0
       0
       0
       0
       0
       0
       8
      11
      14
       7
      11
       8
       8
       9
       8
      11
       5
       9
       8
       8
       2
       5
      13
       8
      16
       5
       6
       6
      11
      11
      16
      10
      10
      12
      10
      11
      11
       8
      14
      12
       8
       6
       5
      10
      10
      11
       9
       5
       9
      11
       8
       6
      11
      10
       7
      10
      10
       7
       7
      11
       9
       8
      11
      11
      11
      11
       8
      10
       5
      14
      10
       9
      11
       7
      18
       9
      14
      15
       7
      10
       7
       6
      12
      10
      11
       9
       7
      11
       8
       9
       7
      12
      17
      11
       9
      12
      12
      12
       8
      11
      10
      13
       8
      10
      13
       9
      11
      11
      12
       6
      14
       9
      13
      17
      13
      10
      14
      13
      12
      13
      10
      12
       3
      11
      13
      14
      12
       4
      13
      10
      17
      15
      14
       9
      10
       8
      11
      13
      11
       9
      16
      11
      11
      14
      14
      18
      12
      14
       8
      16
      11
      13
      10
      14
      16
      14
      14
      10
      18
      14
      13
      21
       9
      13
      14
      17
      19
      14
      20
      12
      22
      17
      35
      15
      20
      19
      22
      24
      19
      16
      20
      14
      29
      21
      14
      19
      18
      14
      14
      13
      17
      19
      14
      20
      10
      16
      16
       5
      20
      17
      20
      21
      21
      13
      13
      19
      16
      14
      17
      19
      17
      11
      21
      16
      16
      16
      18
      10
      23
      21
      14
      22
      16
      24
       9
      14
      19
      24
      20
      17
      20
      18
      14
      17
      18
      17
      19
      17
      12
      17
       8
      10
      14
      12
      15
      13
      18
      23
      26
      18
      18
      18
      15
      14
      17
      17
      17
      21
      19
      22
      16
      16
      22
      19
      12
      15
      17
      22
      21
      20
      23
      10
      27
      23
      24
      20
      24
      19
      25
      24
      27
      25
      24
      14
      21
      17
      25
      16
      15
      14
      24
      27
      23
      18
      14
      22
      28
      19
      27
      21
      21
      28
      13
      25
      26
      19
      29
      27
      22
      28
      24
      23
      20
      22
      26
      24
      23
      22
      22
      24
      31
      21
      30
      20
      29
      25
      27
      15
      20
      24
      19
      17
      28
      24
      23
      22
      20
      22
      23
      31
      21
      16
      30
      21
      21
      22
      21
      28
      15
      32
      27
      20
      23
      28
      21
      23
      22
      16
      27
      21
      25
      37
      25
      18
      22
      31
      23
      18
      22
      25
      21
      19
      26
      11
      26
      26
      28
      37
      28
      25
      19
      30
      14
      29
      20
      21
      16
      28
      23
      16
      23
      21
      28
      28
      11
      18
      15
      33
      27
      27
      21
      18
      21
      15
      23
      21
      22
      27
      14
      22
      19
      15
      23
      18
      15
      25
      22
      28
      14
      22
      15
      22
      17
      26
      16
      19
      20
      21
      15
      21
      23
      26
      23
      15
      14
      15
      25
      17
      19
      19
      24
      13
      10
      19
      13
      18
      18
      14
      10
      18
      20
      18
      21
      22
      16
      15
      18
      16
      17
      17
      12
      17
      15
      12
      10
      16
      21
      26
      13
      18
      16
      21
      17
      11
      14
      15
      17
      11
      19
      19
      15
      14
      12
      14
      20
      20
      13
      12
      16
      14
       8
       8
      17
      18
       8
      21
      17
       8
      14
      14
      20
      16
      14
       7
      15
      19
      13
      19
      14
      17
      18
      14
      11
      12
      15
       6
       6
      12
      14
      13
      21
      12
      16
       9
      15
      21
      10
      15
      15
      11
      11
      14
      11
      10
       8
      23
       6
      15
      11
      20
      10
      13
      17
      16
      12
      16
      15
      15
      15
      13
      14
      18
       8
      10
      14
      14
      15
      12
      18
      13
      14
      13
      13
      10
       6
      18
      16
      17
      17
      14
       8
      17
      10
      15
      13
      10
       9
      16
      15
      11
       7
      12
       6
      13
       8
      14
      13
      10
      11
      11
      14
      11
      14
      16
      16
      14
      10
      10
      11
      10
       9
      15
      11
      11
      14
       5
      15
      10
       6
      14
      11
       8
      19
      16
      14
      12
      10
      12
      13
      12
      11
      11
      11
      15
      17
      15
      14
       6
      20
       9
      12
      15
      10
      17
      22
      17
      13
      10
      11
      12
      16
       9
      10
      11
       9
      11
      21
       9
      13
      10
       9
      13
      14
      10
      15
      14
      15
      12
       8
      13
      13
      11
      15
      16
      13
      16
      16
      22
      10
       8
      15
      10
      10
       8
      20
      15
       7
      15
      12
      16
      16
      13
      17
      15
       9
      13
      15
      14
      19
      16
      13
      14
      17
      14
       8
      11
      16
      17
      12
      21
      22
      11
      15
      12
       8
      21
      17
      22
      19
      14
      19
      21
      12
      20
      29
      15
      25
      27
      28
      26
      21
      13
      17
      30
      22
      20
      22
      18
      18
      18
      30
      32
      25
      23
      27
      29
      27
      23
      29
      22
      30
      32
      28
      21
      35
      45
      21
      29
      40
      54
      32
      33
      32
      31
      29
      24
      44
      36
      42
      33
      47
      41
      50
      37
      47
      55
      51
      46
      44
      51
      54
      67
      62
      40
      51
      65
      52
      52
      50
      53
      62
      63
      56
      60
      50
      50
      69
      69
      57
      80
      65
      64
      54
      65
      69
      64
      63
      64
      64
      68
      60
      85
      82
      77
      87
      72
      73
      79
      83
      71
      69
      80
      78
      68
      70
      68
      79
      58
      84
      75
      81
      80
      73
      99
      78
      92
      65
      67
      68
      74
      72
      89
      76
      78
      83
      87
      92
      70
      83
      83
      77
      71
      70
      82
      73
      91
      80
      72
      73
      87
      70
      94
      84
      88
      86
      66
      57
      84
      71
      58
      64
      72
      78
      84
      77
      82
      73
      59
      75
      68
      83
      75
      63
      62
      59
      65
      46
      57
      67
      46
      72
      67
      51
      71
      69
      61
      46
      56
      60
      53
      54
      58
      50
      44
      52
      48
      46
      41
      38
      52
      60
      70
      39
      42
      47
      45
      41
      39
      52
      47
      43
      39
      50
      38
      32
      28
      29
      28
      32
      29
      39
      31
      28
      38
      25
      27
      30
      27
      21
      39
      30
      19
      29
      27
      28
      20
      23
      26
      29
      19
      23
      16
      19
      13
      14
      11
      16
      17
      20
      17
       9
      15
      17
      22
      21
      10
      17
      15
      13
      20
       8
      12
      13
      12
      21
      16
      16
      10
      15
       9
      12
      10
       6
       8
       6
       6
       6
       9
       8
       7
      10
      10
       6
      14
       5
      10
       7
       7
      15
       7
       9
       7
       3
       2
       9
       7
       6
       6
       9
       9
       6
       5
       7
       5
       6
       3
       8
       4
       5
       6
       8
       5
       4
       6
       7
       8
       5
       2
       7
       5
       4
       4
       5
       5
       9
       2
       1
       9
       6
       7
       2
       2
       3
       3
       5
       5
       6
       3
       8
       3
       4
       3
       1
       3
       6
       2
       2
       3
       3
       2
       1
       5
       4
       1
       2
       3
       4
       1
       4
       1
       5
       2
       2
       5
       3
       0
       1
       1
       3
       5
       1
       1
       2
       5
       1
       2
       2
       3
       6
       1
       2
       4
       2
       3
       6
       3
       2
       2
       4
       3
       0
       1
       2
       2
       1
       5
       1
       2
       6
       1
       4
       2
       4
       2
       1
       1
       1
       1
       2
       0
       2
       0
       2
       0
       1
       3
       2
       4
       2
       2
       2
       4
       2
       2
       0
       0
       0
       4
       0
       4
       1
       1
       2
       1
       3
       1
       2
       2
       0
       2
       0
       1
       5
       1
       1
       2
       1
       0
       1
       2
       2
       2
       0
       0
       1
       2
       0
       1
       0
       0
       1
       2
       2
       2
       2
       1
       1
       0
       1
       0
       2
       1
       1
       3
       3
       0
       1
       2
       0
       3
       1
       0
       2
       1
       2
       2
       0
       1
       2
       0
       1
       1
       1
       0
       0
       1
       0
       2
       2
       5
       0
       0
       2
       0
       2
       4
       2
       1
       3
       0
       2
       3
       3
       1
       2
       0
       1
       3
       2
       3
       1
       1
       0
       0
       1
       0
       1
       2
       3
       2
       1
       2
       0
       0
       0
       1
       1
       1
       1
       0
       1
       1
       0
       0
       3
       3
       2
       0
       0
       1
       0
       3
       2
       0
       0
       1
       1
       1
       0
       2
       2
       0
       1
       1
       1
       0
       0
       1
       1
       1
       1
       3
       2
       0
       1
       1
       2
       1
       1
       1
       0
       0
       1
       4
       1
       2
       1
       0
       2
       0
       1
       3
       3
       1
       2
       3
       0
       0
       0
       1
       2
       1
       1
       0
       0
       2
       1
       0
       0
       2
       0
       0
       1
       1
       0
       3
       1
       0
       1
       3
       2
       1
       1
       1
       3
       1
       0
       2
       2
       1
       2
       3
       0
       1
       1
       1
       0
       1
       2
       0
       1
       1
       2
       0
       2
       2
       1
       0
       1
       1
       0
       2
       1
       0
       0
       1
       3
       1
       0
       0
       1
       0
       2
       1
       1
       1
       0
       1
       1
       2
       2
       0
       1
       0
       0
       2
       0
       0
       3
       0
       0
       2
       2
       2
       1
       0
       1
       2
       0
       2
       0
       0
       2
       0
       0
       3
       0
       1
       0
       1
       0
       0
       2
       3
       0
       2
       0
       1
       0
       0
       1
       2
       0
       0
       0
       0
       1
       0
       1
       1
       0
       1
       1
       1
       2
       1
       0
       1
       2
       2
       0
       1
       1
       1
       0
       1
       1
       0
       1
       2
       0
       1
       1
       0
       0
       0
       4
       1
       0
       1
       1
       2
       1
       2
       0
       2
       1
       2
       2
       3
       1
       1
       1
       1
       1
       0
       0
       0
       2
       0
       0
       2
       5
       0
       1
       1
       1
       0
       0
       0
       0
       2
       2
       2
       0
       0
       2
       0
       2
       2
       1
       3
       2
       1
       2
       1
       0
       1
       1
       1
       1
       1
       1
       1
       0
       1
       0
       0
       0
       3
       0
       1
       1
       1
       2
       2
       1
       0
       2
       1
       0
       2
       1
       1
       0
       1
       1
       0
       0
       1
       0
       1
       0
       1
       0
       0
       0
       1
       0
       0
       1
       0
       2
       0
       1
       0
       1
       0
       1
       0
       1
       1
       0
       0
       1
       1
       0
       0
       0
       0
       0
       2
       0
       0
       1
       1
       1
       2
       0
       0
       1
       0
       1
       0
       0
       1
       1
       0
       1
       1
       3
       1
       0
       0
       1
       0
       1
       0
       0
       0
       0
       1
       0
       0
       0
       0
       1
       0
       1
       1
       2
       2
       0
       1
       1
       1
       1
       0
       1
       0
       0
       0
       0
       1
       0
       2
       0
       0
       1
       2
       2
       2
       0
       2
       1
       0
       1
       2
       1
       0
       1
       0
       0
       1
       1
       1
       0
       2
       0
       2
       0
       1
       1
       0
       0
       1
       1
       2
       0
       0
       1
       0
       1
       1
       1
       0
       1
       0
       0
       0
       1
       0
       0
       3
       0
       1
       0
       0
       0
       0
       0
       0
       0
       1
       1
       0
       1
       0
       0
       1
       1
       2
       0
       0
       0
       0
       2
       0
       0
       1
       0
       0
       0
       1
       0
       0
       2
       2
       1
       1
       0
       0
       0
       1
       2
       0
       0
       1
       1
       2
       1
       0
       1
       1
       3
       2
       1
       0
       1
       1
       1
       1
       0
       1
       1
       0
       0
       0
       0
       0
       0
       0
       0
       2
       1
       0
       0
       0
       0
       0
       0
       2
       2
       0
       0
       1
       0
       0
       1
       0
       1
       1
       1
       0
       0
       0
       0
       0
       1
       1
       2
       2
       0
       0
       0
       1
       2
       1
       1
       0
       0
       0
       0
       2
       1
       0
       1
       0
       0
       1
       1
       0
       1
       0
       0
       0
       1
       0
       0
       1
       2
       0
       0
       0
       0
       0
       0
       1
       0
       1
       0
       1
       1
       1
       0
       2
       1
       1
       1
       0
       2
       1
       0
       1
       0
       0
       0
       1
       1
       1
       0
       0
       0
       1
       0
       1
       2
       1
       0
       0
       1
       1
       0
       2
       0
       0
       2
       2
       0
       0
       1
       1
       0
       1
       0
       2
       0
       2
       1
       0
       0
       0
       0
       0
       1
       0
       1
       0
       0
       1
       2
       1
       0
       1
       0
       2
       1
       2
       0
       0
       0
       0
       0
       0
       0
       1
       0
       0
       0
       0
       0
       2
       0
       0
       0
       0
       3
       0
       0
       0
       0
       1
       0
       0
       1
       1
       0
       1
       0
       0
       1
       0
       1
       0
       1
       0
       0
       0
       1
       2
       0
       2
       1
       0
       2
       1
       0
       0
       3
       0
       1
       2
       2
       0
       3
       0
       2
       2
       1
       0
       1
       1
       0
       0
       1
       0
       1
       3
       0
       0
       3
       1
       2
       0
       0
       0
       0
       0
       0
       1
       2
       0
       0
       0
       1
       1
       1
       1
       0
       1
       1
       3
       0
       0
       0
       0
       0
       1
       1
       1
       0
       0
       0
       2
       0
       1
       1
       1
       0
       0
       0
       1
       0
       0
       0
       0
       0
       0
       0
       0
       0
       0
       0
       0
       0
       0
       0
       0
       0
       0
       0
       0
       0
       0
       0
       0
       0
       0
       0
       0
       0
       0
       0
       0
$ROI:
6
67 116
196 256
297 368
871 937
1189 1365
1529 1730
$PRESETS:
None
0
0
$ENER_FIT:
-0.231476 0.346771
$MCA_CAL:
3
-2.314757E-001 3.467707E-001 5.144805E-005 keV
$SHAPE_CAL:
3
1.165611E+001 9.210392E-002 -6.085550E-005
