$SPEC_ID:
No sample description was entered.
$SPEC_REM:
DET# 1
DETDESC# FSGUNIV-O93LS3D Easy-MCA-8k SN 17088661
AP# Maestro Version 7.01
$DATE_MEA:
03/18/2024 10:01:35
$MEAS_TIM:
1328 1489
$DATA:
0 4095
       0
       0
       0
       0
       0
       0
       0
       0
       0
       0
       0
       0
       0
       0
       0
       0
       0
       0
       0
       0
       0
       0
       0
       0
       0
       0
       0
       0
       0
       0
       0
       0
       0
       0
       0
       0
       0
       0
       0
       0
       0
       0
       0
       0
       0
       0
       0
       0
       0
       0
       0
       0
       0
       0
       0
       0
       0
       0
       0
       0
       0
       0
       0
       0
       0
       0
       0
       0
       0
       0
       0
       0
       0
       0
       0
       0
       0
       0
       0
       1
      10
      29
      29
      34
      33
      36
      22
      36
      28
      34
      26
      28
      25
      28
      35
      36
      35
      27
      37
      39
      34
      30
      35
      37
      41
      30
      39
      31
      33
      40
      34
      40
      17
      38
      37
      27
      30
      32
      25
      35
      30
      38
      33
      34
      31
      23
      24
      38
      36
      23
      27
      40
      29
      31
      44
      35
      27
      30
      27
      37
      34
      30
      36
      33
      47
      38
      26
      28
      26
      37
      26
      44
      40
      31
      36
      33
      35
      34
      32
      30
      41
      34
      40
      33
      30
      20
      34
      43
      43
      30
      28
      35
      37
      23
      25
      34
      38
      37
      32
      39
      25
      34
      42
      47
      39
      34
      47
      18
      47
      26
      38
      28
      33
      49
      41
      37
      43
      35
      35
      45
      44
      42
      25
      31
      32
      29
      49
      43
      29
      28
      41
      32
      35
      42
      38
      32
      37
      38
      37
      34
      26
      42
      29
      34
      33
      37
      26
      32
      36
      38
      27
      34
      29
      40
      38
      36
      44
      27
      33
      34
      36
      29
      33
      39
      30
      41
      45
      33
      47
      43
      42
      48
      41
      38
      34
      28
      39
      44
      43
      36
      42
      38
      37
      39
      29
      30
      37
      28
      36
      24
      32
      41
      34
      37
      37
      34
      39
      43
      47
      31
      34
      35
      44
      39
      38
      36
      36
      42
      37
      34
      44
      40
      36
      37
      38
      41
      32
      45
      47
      46
      29
      41
      28
      27
      30
      48
      41
      31
      44
      34
      35
      38
      38
      41
      34
      41
      39
      40
      30
      37
      34
      38
      35
      39
      37
      39
      41
      42
      35
      28
      40
      38
      38
      36
      34
      45
      28
      33
      41
      41
      41
      47
      32
      40
      38
      54
      46
      38
      38
      54
      42
      48
      44
      38
      37
      46
      43
      46
      43
      40
      30
      48
      40
      40
      43
      51
      40
      46
      43
      35
      46
      45
      36
      46
      51
      55
      43
      44
      40
      42
      34
      46
      45
      41
      48
      52
      50
      47
      44
      57
      54
      39
      50
      49
      63
      37
      55
      59
      51
      54
      51
      64
      42
      55
      51
      48
      49
      51
      45
      42
      52
      50
      52
      58
      57
      53
      53
      51
      52
      39
      58
      43
      47
      53
      51
      61
      68
      58
      50
      57
      48
      57
      53
      49
      60
      57
      65
      72
      46
      63
      52
      50
      56
      50
      52
      75
      51
      41
      56
      54
      54
      55
      61
      58
      55
      60
      69
      61
      54
      60
      71
      66
      68
      64
      75
      60
      65
      61
      58
      53
      70
      65
      67
      75
      69
      48
      57
      61
      53
      65
      69
      53
      60
      61
      47
      60
      49
      65
      64
      68
      57
      57
      47
      60
      64
      55
      59
      52
      66
      70
      58
      49
      52
      64
      54
      69
      53
      67
      61
      61
      58
      46
      56
      48
      75
      50
      60
      59
      49
      55
      65
      38
      55
      55
      54
      54
      43
      39
      52
      50
      59
      36
      48
      46
      63
      42
      67
      54
      56
      64
      59
      50
      47
      53
      56
      45
      43
      45
      54
      43
      47
      56
      37
      58
      65
      48
      51
      47
      45
      43
      37
      57
      44
      57
      55
      46
      58
      41
      45
      46
      51
      53
      55
      43
      44
      62
      47
      43
      41
      62
      67
      52
      47
      50
      43
      50
      49
      48
      49
      39
      43
      49
      48
      52
      51
      45
      46
      32
      38
      55
      70
      47
      43
      45
      45
      40
      41
      52
      37
      53
      39
      46
      44
      49
      59
      44
      43
      47
      40
      40
      49
      39
      41
      46
      44
      53
      47
      42
      43
      47
      38
      56
      44
      45
      50
      52
      56
      50
      40
      46
      52
      47
      50
      43
      45
      44
      53
      54
      59
      43
      65
      47
      53
      51
      35
      61
      53
      53
      63
      55
      47
      42
      47
      53
      49
      53
      48
      33
      65
      48
      51
      59
      46
      48
      45
      47
      50
      35
      53
      58
      53
      59
      42
      50
      41
      46
      57
      44
      58
      47
      50
      52
      51
      58
      64
      47
      57
      48
      54
      55
      53
      57
      62
      54
      54
      50
      48
      31
      58
      36
      52
      46
      47
      61
      42
      53
      47
      49
      58
      56
      48
      67
      56
      51
      47
      48
      40
      55
      54
      53
      64
      61
      50
      63
      47
      67
      49
      59
      57
      63
      64
      50
      50
      49
      35
      54
      46
      43
      43
      57
      47
      54
      45
      33
      42
      51
      59
      58
      48
      54
      55
      54
      51
      57
      52
      54
      39
      54
      35
      57
      47
      49
      64
      50
      55
      44
      51
      50
      50
      42
      47
      50
      56
      56
      51
      59
      39
      41
      40
      55
      61
      58
      59
      42
      53
      55
      33
      48
      50
      53
      51
      51
      54
      61
      46
      46
      56
      53
      50
      59
      56
      40
      43
      47
      46
      58
      52
      59
      56
      38
      56
      41
      64
      48
      57
      53
      49
      54
      45
      40
      56
      65
      46
      53
      57
      55
      53
      54
      68
      32
      57
      51
      56
      51
      40
      49
      51
      49
      46
      49
      42
      52
      57
      58
      60
      63
      48
      52
      59
      51
      44
      50
      68
      50
      62
      54
      60
      52
      40
      43
      69
      44
      37
      54
      54
      47
      54
      55
      62
      52
      54
      52
      46
      50
      43
      63
      43
      55
      50
      47
      47
      49
      53
      49
      52
      50
      53
      51
      50
      51
      62
      48
      52
      55
      56
      50
      48
      49
      61
      53
      64
      51
      62
      64
      55
      48
      47
      52
      51
      61
      49
      43
      54
      58
      55
      57
      53
      52
      58
      58
      40
      49
      38
      47
      48
      46
      54
      63
      58
      60
      55
      53
      48
      53
      43
      45
      56
      55
      58
      57
      47
      48
      64
      52
      51
      51
      65
      72
      58
      39
      65
      49
      51
      41
      60
      66
      48
      46
      65
      56
      57
      59
      70
      54
      52
      51
      58
      48
      53
      63
      54
      40
      63
      46
      41
      66
      49
      47
      52
      53
      61
      47
      67
      41
      52
      52
      58
      75
      38
      55
      59
      58
      56
      42
      49
      56
      59
      61
      51
      51
      57
      62
      56
      56
      42
      58
      46
      57
      54
      46
      65
      51
      42
      56
      58
      62
      52
      60
      56
      62
      51
      60
      58
      57
      57
      50
      55
      51
      44
      63
      47
      58
      47
      65
      52
      56
      46
      47
      76
      55
      74
      49
      55
      60
      56
      75
      56
      54
      54
      66
      55
      47
      63
      51
      57
      53
      53
      48
      53
      56
      62
      47
      55
      56
      48
      56
      60
      47
      60
      54
      66
      56
      55
      64
      59
      61
      53
      57
      47
      55
      45
      52
      40
      46
      54
      60
      47
      61
      51
      51
      51
      55
      63
      49
      60
      48
      53
      51
      49
      44
      61
      47
      55
      42
      59
      62
      70
      69
      63
      61
      46
      50
      49
      55
      65
      48
      51
      61
      53
      51
      46
      58
      60
      55
      50
      47
      55
      56
      45
      57
      47
      47
      67
      70
      59
      59
      49
      55
      53
      46
      52
      53
      44
      51
      51
      55
      59
      56
      55
      57
      55
      48
      41
      47
      63
      55
      57
      41
      53
      47
      47
      39
      50
      48
      56
      52
      53
      70
      59
      65
      54
      36
      43
      59
      35
      43
      60
      51
      60
      44
      51
      49
      69
      56
      52
      42
      41
      47
      58
      60
      44
      50
      46
      31
      39
      55
      55
      45
      43
      51
      48
      48
      41
      56
      46
      40
      41
      60
      43
      52
      53
      48
      37
      50
      62
      51
      50
      57
      46
      60
      56
      52
      50
      65
      41
      44
      63
      45
      58
      54
      36
      44
      59
      51
      44
      49
      41
      58
      51
      53
      53
      49
      57
      45
      45
      57
      47
      60
      49
      52
      37
      46
      46
      55
      47
      39
      48
      59
      52
      42
      59
      49
      53
      49
      50
      55
      53
      55
      44
      39
      39
      40
      38
      63
      66
      46
      48
      49
      46
      50
      38
      44
      47
      47
      51
      48
      52
      44
      43
      49
      54
      58
      49
      55
      53
      52
      44
      55
      43
      53
      56
      45
      48
      55
      50
      57
      42
      52
      55
      60
      48
      50
      51
      55
      53
      41
      49
      51
      53
      48
      58
      46
      50
      50
      51
      57
      43
      47
      36
      47
      52
      47
      48
      55
      45
      47
      39
      42
      49
      40
      41
      52
      55
      61
      66
      52
      46
      60
      44
      48
      55
      55
      32
      51
      43
      48
      46
      37
      44
      42
      56
      40
      53
      33
      41
      34
      61
      52
      53
      41
      47
      54
      45
      38
      56
      36
      49
      54
      42
      34
      55
      53
      43
      52
      56
      39
      40
      39
      56
      46
      55
      37
      50
      51
      49
      59
      42
      54
      53
      40
      51
      61
      42
      57
      46
      44
      50
      47
      42
      40
      56
      42
      38
      44
      46
      48
      39
      40
      49
      47
      54
      39
      41
      34
      39
      38
      37
      41
      47
      38
      39
      51
      59
      52
      41
      33
      40
      48
      56
      54
      44
      61
      49
      48
      50
      31
      39
      41
      51
      45
      57
      54
      53
      43
      47
      49
      47
      52
      44
      41
      48
      42
      51
      50
      40
      44
      50
      55
      58
      45
      46
      46
      41
      41
      59
      44
      35
      49
      48
      41
      42
      45
      56
      47
      38
      47
      45
      42
      37
      56
      46
      49
      52
      48
      43
      51
      49
      49
      38
      54
      36
      52
      46
      49
      39
      48
      45
      39
      62
      37
      44
      37
      51
      46
      48
      46
      40
      53
      42
      41
      35
      47
      47
      41
      52
      38
      46
      44
      32
      55
      52
      45
      47
      42
      35
      36
      58
      48
      51
      32
      31
      47
      58
      43
      52
      45
      45
      35
      47
      38
      44
      47
      45
      65
      41
      47
      47
      27
      36
      31
      49
      43
      49
      58
      47
      42
      39
      47
      38
      73
      37
      46
      43
      46
      35
      61
      43
      46
      54
      40
      46
      55
      41
      43
      52
      55
      38
      41
      41
      39
      47
      42
      44
      40
      54
      45
      42
      49
      40
      47
      38
      30
      45
      47
      43
      46
      42
      39
      39
      46
      50
      30
      49
      36
      58
      33
      39
      43
      55
      46
      48
      41
      48
      49
      42
      43
      43
      32
      41
      38
      39
      47
      41
      48
      40
      34
      45
      45
      35
      34
      50
      37
      52
      50
      30
      49
      52
      32
      35
      51
      52
      39
      39
      49
      43
      41
      40
      39
      45
      42
      48
      41
      45
      43
      45
      38
      62
      41
      40
      40
      41
      42
      49
      43
      42
      53
      39
      41
      34
      43
      34
      43
      31
      46
      42
      43
      43
      42
      42
      47
      44
      37
      46
      41
      43
      40
      38
      46
      35
      42
      32
      43
      49
      54
      45
      23
      42
      43
      34
      40
      41
      35
      45
      36
      38
      37
      43
      51
      35
      42
      49
      35
      45
      47
      41
      40
      49
      41
      33
      37
      45
      48
      42
      52
      36
      30
      31
      42
      38
      39
      38
      39
      50
      40
      48
      32
      46
      49
      39
      43
      45
      34
      47
      35
      48
      29
      44
      31
      38
      49
      36
      38
      45
      38
      39
      39
      43
      35
      43
      36
      44
      30
      35
      42
      40
      39
      36
      38
      52
      43
      47
      36
      39
      45
      36
      36
      26
      36
      23
      31
      29
      36
      29
      37
      30
      39
      33
      47
      51
      34
      33
      34
      42
      33
      35
      46
      43
      41
      37
      42
      46
      31
      28
      40
      38
      45
      41
      43
      39
      31
      39
      37
      48
      42
      42
      42
      33
      36
      35
      39
      46
      33
      44
      40
      34
      36
      38
      27
      30
      36
      31
      40
      35
      42
      43
      36
      38
      40
      37
      33
      36
      38
      33
      41
      32
      35
      35
      25
      46
      36
      36
      38
      41
      43
      36
      27
      34
      32
      40
      35
      42
      44
      46
      38
      37
      44
      46
      44
      33
      40
      34
      41
      27
      37
      41
      35
      32
      38
      41
      30
      29
      38
      31
      37
      27
      34
      43
      27
      37
      31
      34
      35
      25
      33
      38
      35
      40
      35
      44
      54
      39
      37
      28
      46
      43
      40
      40
      43
      39
      46
      31
      44
      35
      42
      36
      42
      37
      45
      36
      23
      41
      44
      35
      28
      36
      49
      37
      37
      40
      43
      33
      33
      41
      41
      42
      42
      42
      36
      36
      36
      40
      39
      52
      31
      28
      38
      43
      32
      48
      41
      34
      48
      34
      52
      46
      38
      32
      33
      32
      43
      42
      45
      43
      49
      34
      38
      42
      56
      37
      38
      38
      27
      31
      40
      35
      33
      46
      37
      35
      35
      47
      47
      41
      24
      39
      40
      29
      36
      28
      60
      35
      40
      47
      48
      42
      37
      38
      45
      45
      36
      32
      35
      37
      47
      40
      40
      38
      36
      46
      42
      52
      44
      53
      45
      49
      39
      44
      37
      45
      41
      30
      34
      39
      34
      37
      34
      47
      37
      47
      31
      44
      53
      40
      38
      49
      41
      53
      51
      38
      43
      47
      38
      32
      46
      46
      52
      31
      50
      46
      29
      40
      38
      38
      47
      32
      47
      50
      44
      54
      38
      54
      46
      49
      26
      39
      36
      36
      48
      35
      49
      44
      47
      39
      41
      40
      44
      42
      32
      54
      42
      55
      49
      47
      44
      43
      40
      34
      38
      42
      37
      43
      40
      42
      47
      37
      53
      44
      49
      55
      43
      55
      53
      57
      31
      38
      34
      52
      65
      46
      55
      52
      54
      43
      53
      48
      47
      50
      44
      44
      53
      43
      46
      36
      40
      55
      54
      47
      54
      47
      40
      46
      51
      47
      53
      45
      50
      58
      52
      60
      52
      54
      61
      52
      57
      53
      50
      56
      63
      46
      58
      36
      45
      47
      48
      48
      42
      40
      57
      55
      64
      57
      66
      58
      60
      74
      44
      57
      62
      54
      59
      53
      54
      61
      50
      52
      58
      47
      67
      51
      45
      68
      53
      51
      54
      61
      59
      57
      53
      49
      76
      49
      63
      74
      52
      52
      68
      68
      70
      72
      54
      44
      70
      53
      53
      60
      57
      71
      60
      57
      54
      66
      75
      61
      67
      62
      58
      78
      68
      68
      66
      68
      70
      63
      68
      64
      60
      70
      67
      72
      67
      73
      51
      70
      72
      56
      71
      73
      65
      66
      61
      66
      65
      61
      66
      91
      92
      71
      60
      76
      58
      66
      73
      70
      72
      74
      75
      62
      83
      72
      71
      69
      70
      66
      76
      68
      85
      64
      72
      65
      72
      74
      64
      81
      80
      80
      67
      69
      65
      76
      89
      82
      86
      78
      71
      75
      74
      69
      77
      67
      74
     101
      81
      74
      72
      72
      79
      83
      83
      87
      69
      80
      82
      91
      78
      82
      90
      86
      75
      77
      87
      80
      93
      73
      82
      93
      81
      74
      97
      79
      91
      71
      84
      71
      88
      77
      77
      89
      94
      90
      86
      88
      89
      90
      93
      83
     100
      85
      84
      96
      77
      84
     107
      96
      84
      95
      99
      79
     104
      94
      92
      99
      91
     114
      87
      88
      67
      89
      87
      86
      74
      98
      86
      79
      94
     101
      97
     102
     100
      98
      96
     120
      95
      84
      97
      88
     102
     100
      87
      95
     109
      99
     116
     110
      89
      80
      82
     104
      86
      97
      89
      84
     104
     106
      79
     106
     100
     107
      96
     102
     107
     103
     120
     105
     117
     118
     114
     104
     101
     107
     111
      87
      94
     103
     103
     115
     122
      89
     111
     125
     109
     105
     123
     100
     101
      89
     112
     103
     128
     113
     120
     123
     100
      89
     109
     108
     106
     104
     123
      93
     119
     112
     112
     117
     103
     108
     109
     136
     131
     119
     108
     105
     132
     103
     128
     129
      99
     116
     112
     109
      95
     111
     118
     105
     116
     109
     100
     122
     101
     120
     111
     124
     114
     121
     123
     122
     109
     118
     110
      95
     119
     125
     127
     100
     112
     120
     119
     129
     118
     134
     123
     121
     110
     147
     122
     135
     117
     133
     107
     115
     112
     123
     104
     117
     111
     116
     117
     116
     116
     101
     118
      92
     109
     127
     109
     134
     118
     130
      96
     110
     113
     101
     123
     113
     138
     116
     125
     111
     110
     126
     129
     111
      93
     113
      96
     113
     100
     106
     117
     115
     114
     107
     100
     127
     110
     117
     111
     108
     122
      94
     121
     128
     102
     129
     122
     131
     133
     105
     116
     127
     124
     110
     110
     116
     129
     123
     113
     111
     106
     106
     127
     119
     118
     106
     129
     127
     102
     111
     107
     118
     111
     126
     114
     100
     126
     124
     111
      94
      95
     124
     102
     116
     114
     127
     115
     104
     126
     120
     126
     103
     126
     133
     114
     118
     132
     104
     134
     120
     110
     130
     105
     118
     113
     122
     115
     114
     115
     101
      97
      88
     120
     129
      96
     109
     118
     127
      98
      91
      94
     117
     101
     129
      94
     112
     125
     118
     100
     115
      98
     107
     132
      95
     131
     119
     106
     105
     108
      92
     117
     103
     108
      93
     104
     105
     111
     110
      85
     104
      77
     123
     101
     104
     108
     101
      95
     114
      99
     113
      90
      91
     102
     103
      91
      85
      92
     112
     104
     104
      93
      98
      98
     107
     111
     113
     113
      95
      74
      75
      99
     107
     116
     109
      92
     107
      82
      81
     103
     102
     108
     100
      85
      97
      98
      85
      92
     107
      87
      96
      94
     113
      89
      92
      90
      91
     103
      98
      96
      82
      92
      95
      93
      80
      82
      88
      91
      91
      82
      77
      79
      73
      80
      89
      90
      84
      77
      79
      94
      79
      72
     102
      74
      69
      75
      88
      85
      81
      79
      79
      67
      80
      78
      91
      81
      72
      77
      76
      68
      71
      90
      92
      74
      65
      85
      89
      74
      78
      78
      73
      67
      68
      68
      73
      63
      68
      69
      60
      71
      83
      84
      68
      57
      71
      61
      56
      65
      60
      64
      52
      65
      77
      55
      82
      55
      61
      63
      69
      63
      56
      66
      61
      64
      58
      61
      69
      59
      68
      62
      67
      68
      62
      63
      78
      51
      59
      41
      55
      53
      55
      55
      62
      51
      50
      55
      59
      52
      51
      48
      51
      70
      58
      54
      46
      48
      53
      52
      47
      51
      64
      50
      46
      42
      62
      54
      55
      52
      55
      42
      41
      55
      37
      42
      38
      50
      57
      50
      55
      49
      43
      49
      38
      43
      37
      45
      42
      43
      38
      41
      46
      41
      42
      54
      38
      48
      48
      39
      44
      30
      42
      40
      41
      38
      42
      43
      37
      42
      42
      33
      43
      48
      34
      40
      40
      36
      32
      43
      32
      41
      33
      33
      30
      34
      32
      31
      25
      47
      38
      29
      31
      34
      34
      30
      25
      30
      42
      31
      36
      40
      34
      29
      27
      31
      23
      27
      21
      32
      27
      31
      20
      20
      36
      31
      21
      34
      38
      31
      28
      28
      25
      33
      24
      22
      35
      34
      25
      14
      28
      29
      25
      28
      24
      28
      22
      35
      27
      32
      26
      35
      23
      28
      24
      20
      25
      30
      22
      13
      17
      37
      26
      26
      25
      24
      20
      29
      17
      18
      18
      21
      25
      21
      24
      19
      17
      24
      23
      17
      24
      15
      18
      19
      19
      19
      21
      18
      22
      14
      19
      19
      22
      14
      14
      25
       9
      17
      16
      27
      13
      24
      20
      16
      17
      21
      11
      19
      17
      13
      19
      16
      16
      10
      14
      12
      20
      16
      22
      15
      15
      17
      13
      15
      12
      20
      13
      23
      12
      17
      16
      17
      16
      22
      17
      13
      20
      18
      15
      27
      21
      20
      22
      26
      18
      17
      15
      11
      19
      16
       7
      13
      16
      15
      15
      15
      13
      22
      14
      12
      11
      22
      17
      18
      11
      18
      12
      20
       8
      12
      20
      14
      12
      21
      12
      16
       8
      16
      14
      20
      19
      14
      14
      18
      20
      13
      14
      18
      15
      19
      15
       9
      17
      10
      13
      11
      17
      13
      14
      15
      11
      10
      20
      13
      12
      14
      18
      10
      13
      12
      14
      18
      16
      16
      17
      18
       7
      13
      18
       7
      15
      15
      20
      16
      16
      21
      14
      12
       8
      12
      12
      24
      14
      14
      18
      16
      17
      11
      10
      15
      14
      20
      19
      17
      20
      14
       9
      19
      11
      23
      15
      18
      17
      15
      27
      21
      19
      25
      18
      20
      12
       9
      12
      21
      23
      16
      19
      14
      14
      15
      17
      17
      17
      13
      21
      20
       9
      10
      20
      12
       7
      18
      15
      20
      21
      11
      19
      14
      20
      18
      25
      18
      18
      15
      20
      19
      25
      18
      15
      19
      13
       7
      14
      15
      15
      28
      22
      13
      13
      22
      24
      17
      18
      16
      19
      21
      14
      21
      26
      11
      17
      27
      21
      13
      19
      18
      25
      27
      18
      21
      17
      17
      17
      17
      25
      22
      13
      20
      15
      21
      17
      25
      22
      14
      18
      15
      18
      22
      24
      27
      22
      22
      21
      22
      14
      31
      17
      18
      15
      14
      17
      15
      27
      23
      19
      18
      18
      13
      19
      19
      24
      16
      24
      25
      21
      19
      24
      23
      25
      23
      20
      27
      19
      18
      23
      25
      26
      18
      15
      28
      27
      19
      16
      23
      27
      23
      22
      24
      18
      22
      17
      19
      27
      21
      23
      23
      22
      28
      21
      29
      16
      20
      18
      31
      20
      11
      20
      23
      20
      24
      16
      21
      18
      29
      20
      24
      14
      19
      22
      20
      16
      27
      14
      17
      15
      19
      12
      20
      24
      28
      19
      20
      24
      21
      21
      20
      21
      13
      18
      12
      15
      16
      19
      18
      10
      20
      20
      29
      19
      19
      15
      14
      21
      13
      21
       9
      20
      18
      14
       9
      12
      10
      16
      16
      18
      14
      22
      11
      19
      15
      16
      20
      16
      17
      11
      20
      19
      22
      18
      15
      16
      12
      14
      19
      12
       9
      16
      20
      14
       9
      13
      18
      11
      20
      16
      10
       8
      14
      14
       9
       8
      12
      11
      14
      13
      13
      10
      16
       7
      15
      13
      10
       7
      19
      15
      10
      12
      12
      14
      11
      11
      12
      13
      11
       9
      11
      14
       8
       9
       7
       9
      11
      14
      15
      15
      13
      10
       9
      12
      12
      14
       8
       8
       9
      11
       7
       3
       7
       8
       6
       6
       8
       6
       8
       8
       8
      10
       3
       9
       5
       9
       5
       5
       7
       5
       7
      11
       5
       7
       6
       6
      11
       5
       6
       5
       2
       2
       7
       8
       4
       5
       7
       7
       5
       2
       8
       0
       4
       2
       5
       3
       2
       4
       2
       6
       6
       2
       5
       2
       5
       4
       0
       4
       4
       2
       4
       5
       6
       3
       4
       1
       9
       5
       1
       2
       3
       3
       5
       2
       3
       2
       2
       5
       3
       6
       4
       3
       3
       0
       4
       4
       2
       0
       3
       1
       1
       0
       1
       1
       5
       1
       3
       2
       3
       2
       1
       2
       1
       4
       0
       2
       5
       4
       0
       4
       2
       4
       1
       1
       1
       4
       2
       0
       1
       1
       1
       1
       0
       2
       1
       1
       1
       2
       1
       1
       1
       1
       2
       2
       2
       4
       3
       1
       0
       0
       0
       1
       3
       1
       0
       0
       2
       2
       1
       1
       4
       1
       0
       0
       0
       0
       0
       1
       1
       0
       2
       0
       0
       0
       0
       1
       2
       0
       0
       0
       1
       2
       1
       0
       1
       0
       0
       0
       2
       1
       0
       0
       2
       0
       0
       1
       2
       1
       0
       2
       2
       1
       1
       1
       3
       0
       0
       3
       1
       1
       0
       1
       1
       1
       1
       0
       1
       2
       1
       0
       0
       3
       3
       1
       1
       2
       0
       1
       1
       2
       0
       2
       0
       1
       2
       1
       0
       0
       0
       0
       0
       1
       2
       0
       0
       1
       1
       1
       0
       1
       2
       0
       0
       0
       1
       1
       0
       2
       1
       0
       2
       4
       0
       0
       1
       0
       0
       0
       0
       0
       0
       0
       0
       1
       1
       1
       1
       1
       0
       1
       0
       2
       0
       0
       1
       0
       0
       1
       0
       0
       2
       0
       1
       0
       3
       0
       2
       1
       0
       1
       1
       1
       0
       0
       2
       0
       0
       2
       0
       0
       0
       0
       0
       0
       3
       0
       1
       2
       0
       0
       1
       1
       1
       1
       1
       0
       0
       1
       0
       1
       2
       1
       2
       1
       0
       2
       0
       2
       1
       1
       3
       0
       1
       0
       0
       1
       0
       1
       0
       1
       0
       2
       1
       1
       0
       2
       0
       0
       1
       0
       0
       1
       3
       3
       0
       0
       0
       0
       0
       0
       1
       0
       0
       1
       0
       0
       1
       2
       0
       1
       2
       0
       1
       0
       2
       0
       0
       0
       1
       1
       0
       0
       0
       1
       0
       2
       1
       1
       0
       0
       0
       1
       1
       1
       0
       0
       0
       0
       0
       0
       0
       0
       1
       0
       0
       0
       1
       1
       3
       1
       0
       3
       2
       0
       0
       0
       2
       0
       0
       0
       1
       1
       1
       2
       0
       0
       0
       0
       1
       2
       1
       1
       0
       0
       0
       0
       1
       2
       0
       0
       0
       1
       0
       0
       1
       1
       0
       0
       1
       2
       2
       1
       2
       2
       2
       0
       1
       0
       0
       1
       0
       0
       1
       1
       1
       1
       3
       0
       0
       1
       0
       2
       0
       1
       1
       2
       2
       1
       1
       2
       1
       0
       0
       1
       0
       0
       0
       0
       0
       1
       0
       2
       0
       1
       0
       0
       1
       1
       1
       1
       1
       2
       0
       0
       0
       0
       0
       1
       1
       2
       1
       0
       0
       0
       0
       0
       0
       0
       2
       0
       0
       0
       0
       0
       0
       1
       1
       1
       0
       0
       1
       1
       1
       0
       1
       1
       2
       0
       0
       0
       0
       0
       0
       1
       1
       0
       0
       1
       0
       1
       1
       0
       1
       0
       0
       0
       0
       0
       0
       0
       0
       0
       0
       0
       0
       0
       0
       0
       0
       0
       0
       0
       0
       0
       0
       0
       0
       0
       0
       0
       0
       0
       0
       0
       0
       0
       0
       0
       0
       0
       0
       0
       0
       0
       0
       0
       0
       0
       0
       0
       0
       0
       0
       0
       0
       0
       0
       0
       0
       0
       0
       0
       0
       0
       0
       0
       0
$ROI:
1
2058 2845
$PRESETS:
None
0
0
$ENER_FIT:
2.003927 0.156470
$MCA_CAL:
3
2.003927E+000 1.564700E-001 1.479025E-005 keV
$SHAPE_CAL:
3
3.500559E+001 4.560333E-002 5.119282E-006
