$SPEC_ID:
No sample description was entered.
$SPEC_REM:
DET# 1
DETDESC# FSGUNIV-O93LS3D Easy-MCA-8k SN 17088661
AP# Maestro Version 7.01
$DATE_MEA:
03/18/2024 10:51:08
$MEAS_TIM:
890 1002
$DATA:
0 4095
       0
       0
       0
       0
       0
       0
       0
       0
       0
       0
       0
       0
       0
       0
       0
       0
       0
       0
       0
       0
       0
       0
       0
       0
       0
       0
       0
       0
       0
       0
       0
       0
       0
       0
       0
       0
       0
       0
       0
       0
       0
       0
       0
       0
       0
       0
       0
       0
       0
       0
       0
       0
       0
       0
       0
       0
       0
       0
       0
       0
       0
       0
       0
       0
       0
       0
       0
       0
       0
       0
       0
       0
       0
       0
       0
       0
       0
       0
       0
       0
       4
       6
      10
       2
       3
      12
      10
       8
       7
       2
       4
       9
       9
      10
       4
       9
       6
       6
      14
      12
      13
       8
       7
       6
       6
      11
       7
       8
      12
       7
       7
      10
       3
      12
       7
       8
       8
       8
       5
      12
      12
       8
       5
       9
       8
      12
      10
       4
      13
       7
       6
      10
      11
       6
       9
       7
      11
       8
       6
       7
       7
       8
       7
      14
      11
       7
       6
       8
       5
      10
      12
       9
       7
      10
       6
       6
      10
      10
       8
      12
      13
      12
      11
       8
       7
       5
      12
      12
      12
       8
      12
      14
      14
       9
       7
       9
      13
       6
       5
       6
      12
       9
       6
      11
       9
      10
       7
       7
       5
       9
       9
      10
       8
       9
      11
       9
      13
      10
       7
       6
       7
      11
      10
      11
      12
       7
       8
       9
      12
      11
      11
      14
       6
       9
       8
       8
       9
      12
      11
      11
      10
      14
       7
      12
       9
      10
      15
       8
      11
       7
      12
       8
      16
      11
      13
       6
      13
      14
       8
      13
      13
      15
       6
      10
      12
      16
       7
      12
      13
      14
      10
      13
       8
       9
       7
       8
      16
      14
      10
      17
      13
       8
       8
       9
      10
      11
      10
       6
      10
      12
       9
       8
       5
       9
      13
      11
      11
       9
      10
      10
      11
      11
      12
      13
       5
       8
       9
      13
      13
       7
       8
      10
      12
      11
       6
       8
      10
      14
       8
      19
      12
      11
       9
       8
       9
       6
       9
      10
      14
       8
       6
       5
      15
      13
      11
      13
      11
       5
      13
      10
       7
      12
      12
      10
      10
      13
      17
       8
       8
      10
       8
      11
      12
      12
      14
      10
      12
      11
      12
       8
      11
      11
       8
       5
      15
      13
      10
       7
      17
       9
      13
       8
      10
      14
       8
      10
      12
       9
      14
       9
      14
      11
      17
       7
      13
      16
      12
       7
      13
      16
      12
      16
       8
      16
       3
      10
      25
      15
      12
      14
      15
      12
      11
      17
      11
      16
      12
      10
      12
      12
       9
      11
      11
      10
      17
       9
      14
      18
      15
       8
      19
      13
      19
      22
      16
      18
       5
      16
      14
      13
      11
      12
       7
      13
      20
      19
      15
      13
      20
      16
      16
      18
      12
       8
      10
       6
      16
      14
      14
      11
      15
      19
      16
      23
      14
      15
      11
      23
       7
      14
      22
      20
       9
      20
      14
      17
      11
      13
       6
      11
      18
      12
      11
      12
      18
       8
      12
      16
      18
      19
      16
      20
      14
      15
      13
      14
      14
      19
      24
      11
      18
      18
      13
      22
      18
      13
      18
      13
      22
      16
      16
      18
      25
      19
      23
      13
      12
      17
      11
      13
      17
      17
      28
      23
      12
      11
      14
      13
      13
      13
      16
      20
      19
      15
      17
      14
       6
      15
      14
      17
      15
      14
      18
      17
      10
       5
      15
      13
      14
      14
      20
      18
      16
       8
      19
      14
      15
      10
      23
      15
      13
      16
      11
       8
       8
      20
      16
      24
      13
      25
       6
      10
      19
       9
      22
      16
      10
      15
      20
      11
      10
      19
      15
      11
      18
      15
      12
       8
       9
      15
       9
      16
      19
      20
      17
      18
      11
       9
      10
      20
      11
      13
      21
      11
      15
       9
      13
      18
      12
      10
       9
      13
      14
      15
      16
      17
      12
       7
      17
      11
      21
      21
      14
      20
      13
      11
      11
      11
      16
      21
      19
      13
      14
      13
      23
      17
      10
      13
      12
      15
      11
      14
      17
      17
      17
      13
      18
      14
      14
      13
       5
      22
      12
      18
      14
      11
      13
      15
      13
      16
      15
      12
      11
      15
       9
      14
      15
      12
      23
       9
      18
      13
      14
      16
      18
      15
      14
      17
      27
      11
      15
      15
      11
      12
      15
      12
      12
      14
      12
      11
      13
      13
      13
      24
      16
      10
      11
      19
      14
      13
      18
      12
      14
      20
       8
      22
      12
      16
      12
      17
      20
      15
      26
       9
      10
      15
      15
      17
      15
      19
      13
      17
      14
      15
      14
      18
      18
      20
       8
      17
      23
      20
      11
      21
      25
      16
      10
      16
      17
      21
      24
      18
      21
      20
      20
      11
      20
      17
      21
      19
      16
      17
      19
      13
      17
      14
      18
      29
      17
      18
      23
       9
      17
      21
      21
      23
      13
      21
      16
      15
      18
      20
      20
      17
      24
      25
      16
      16
      16
      15
      17
      33
      17
      13
      17
      17
      25
      18
      14
      15
      19
      19
      10
      19
       7
      13
      19
      14
      19
      19
      13
      20
      18
      17
      20
      21
      21
      18
      20
      14
      24
      15
      23
      15
      14
      13
      18
      25
      11
      14
      13
      22
      14
      12
      18
      18
      18
      22
      20
      23
      23
      19
      16
      14
      23
      26
      17
      25
      23
      19
      16
      26
      15
      10
      27
      22
      20
      11
      15
      20
      19
      26
      17
      20
      16
      20
      22
      26
      26
      20
      22
      20
      14
      17
      12
      15
      22
      27
      16
      19
      19
      24
      22
      31
      14
      18
      25
      16
      25
      26
      17
      29
      21
      12
      15
      23
      13
      21
      26
      27
      26
      25
      21
      25
      24
      18
      15
      20
      16
      14
      13
      18
      17
      17
      29
      26
      16
      32
      13
      24
      19
      20
      13
      18
      18
      27
      15
      26
      22
      26
      17
      19
      13
      20
      18
      14
      16
      15
      16
      15
      20
      21
      15
      20
      18
      28
      29
      12
      21
      16
      22
      21
      16
      20
      14
      20
      12
      21
      20
      19
      18
      16
      19
      23
      19
      22
      26
      22
      21
      17
      18
      17
      12
      14
      16
      24
      17
       9
      25
      16
      18
      17
      17
      18
      16
      18
      23
      19
      24
      25
      22
      17
      23
      24
      25
      14
      15
      20
      10
      12
      23
      10
      23
      17
      13
      20
      15
      20
      14
      22
      15
      16
      16
      20
      25
      15
      14
      17
      19
      16
      19
      11
      21
      20
      18
      28
      20
      17
      24
      25
      19
      14
      23
      19
       6
      22
      19
      18
      13
      22
      18
      18
      17
       9
      17
      21
      12
      13
      14
      16
      11
      16
      18
      24
      16
      22
      18
      19
      24
      16
      23
      21
      17
      14
      17
      16
      25
      16
      14
      20
      18
      16
      23
      16
      23
      19
      20
      16
      13
      17
      11
      14
       9
      20
      18
      11
      17
      17
      17
      22
      15
      19
      24
      19
      19
      14
      17
      13
      13
      24
      10
      20
      17
      22
      16
      17
      17
      22
      16
      22
      13
      26
      21
      19
      20
      15
      13
      19
      15
      14
      16
      16
      17
      22
      28
      19
      27
      18
      19
      13
      22
      17
      16
      18
      19
      24
      12
       9
      15
      14
       8
      18
      14
      23
      15
      10
      16
       7
      16
      17
      16
      24
      12
      15
      10
      15
      17
      16
      14
      13
      26
      20
      12
      18
      22
      14
      11
      18
      10
      19
      13
      22
      14
      17
      15
      12
      12
      24
      14
      23
      12
      18
      17
      16
      17
      18
      16
      14
      18
      16
       9
      20
       7
      12
      19
      16
       8
      18
      18
      19
      12
      19
      14
      21
      13
      13
      11
      14
      14
      12
      21
      14
      14
      10
      12
      19
      13
      13
      19
      17
      14
      23
      17
      16
      13
      19
      12
      15
      19
      11
      16
       9
      22
       9
      21
      20
      16
      15
      15
      13
      10
      10
      22
      18
      17
      13
      13
      17
      15
      10
      13
      14
      17
      17
      16
      15
      10
      19
      12
      19
      18
      15
      20
      16
      13
      14
       9
      16
      11
      20
      14
      15
       8
      19
      17
      18
      15
      12
      11
      17
      12
      13
      20
      13
      16
      16
      11
      14
      17
       9
      14
      16
      19
      10
      17
      19
      14
      12
      10
      14
      14
      13
      14
      15
      15
      11
      14
      19
      16
      22
      15
      20
      13
      11
      12
      16
      16
      18
      15
      18
      13
      17
      11
      19
      13
      15
      14
      15
      19
      21
      14
      16
      19
       9
      14
      11
       9
      18
      17
       9
      12
      14
      16
      14
      17
      20
      10
      10
       9
      17
      22
      17
      13
       9
      17
      13
      10
      16
      13
      12
      18
      10
      11
       9
      12
      18
      13
      13
      14
      13
      19
      20
      14
      14
      18
      11
      17
      16
       9
      14
      13
      23
      17
      10
      12
      10
      11
      15
      19
      20
      11
      16
       7
      14
       9
      15
      17
      11
      11
      10
      16
      15
      18
      12
      12
      22
      15
      13
      16
      13
       9
      12
      18
      14
      13
       8
      12
      10
      14
      10
      15
      16
      16
       9
      16
      15
       9
      12
      18
      13
      13
      14
      11
      14
      15
      13
      15
       7
      20
      22
      11
      22
      10
      16
      15
      13
      15
      13
      17
       8
      13
      14
      11
      16
      10
      11
      20
      14
      15
      14
      13
      16
      12
      19
      14
      18
      15
      18
      12
      17
      17
      19
      18
      11
      18
      17
      12
      12
      19
      11
      21
      25
      13
      15
      12
      16
      11
       8
      13
      14
      18
      15
      15
      14
      14
      12
      18
      17
      17
      15
      18
      12
      23
      17
      14
      11
       6
      19
      16
      14
      16
      17
      20
      14
      27
      16
       9
      16
      19
      13
      18
      21
      15
      21
      14
      22
       9
      16
      17
      19
      17
       7
      13
      10
      11
      18
      27
      17
      13
      16
      15
      20
      17
      13
      24
      18
      15
      15
      11
      16
      18
      20
      19
      18
      17
      17
      18
      17
      17
      21
      10
      14
      15
      15
      14
      21
      14
      10
      15
      20
      15
      22
      23
      20
      21
      28
      13
      11
      21
      20
      19
      20
      18
      27
      29
      28
      14
      21
      20
      16
      23
      15
      18
      17
      15
      20
      19
      32
      34
      23
      22
      17
      35
      26
      16
      22
      27
      18
      33
      16
      13
      26
      11
      18
      22
      27
      31
      19
      25
      20
      23
      22
      27
      24
      25
      20
      24
      34
      18
      26
      21
      23
      19
      29
      28
      30
      32
      35
      27
      28
      22
      27
      20
      23
      20
      22
      16
      20
      12
      17
      29
      19
      24
      31
      22
      22
      31
      33
      36
      27
      37
      29
      30
      31
      27
      21
      24
      20
      17
      23
      24
      26
      21
      33
      25
      37
      44
      33
      28
      29
      24
      32
      29
      20
      34
      36
      27
      31
      33
      23
      37
      21
      28
      29
      30
      31
      36
      38
      37
      35
      37
      28
      39
      30
      41
      37
      36
      35
      29
      33
      26
      48
      42
      39
      33
      34
      31
      31
      36
      22
      36
      39
      34
      40
      26
      48
      42
      48
      30
      36
      62
      48
      35
      30
      42
      50
      36
      38
      41
      39
      38
      49
      37
      40
      41
      50
      42
      44
      44
      39
      47
      32
      44
      50
      48
      43
      44
      36
      57
      46
      42
      34
      46
      39
      39
      39
      37
      45
      38
      49
      46
      46
      35
      53
      49
      48
      54
      47
      45
      47
      41
      54
      38
      48
      59
      44
      48
      55
      51
      40
      39
      44
      49
      37
      37
      45
      48
      43
      48
      52
      49
      47
      49
      58
      65
      63
      55
      49
      51
      53
      60
      46
      48
      44
      34
      40
      58
      54
      47
      59
      57
      52
      59
      55
      50
      54
      52
      54
      48
      43
      55
      53
      56
      46
      62
      56
      69
      49
      61
      44
      59
      61
      67
      57
      59
      54
      57
      60
      53
      57
      50
      59
      46
      44
      60
      60
      58
      68
      56
      58
      46
      51
      56
      48
      62
      55
      70
      57
      61
      55
      61
      59
      53
      63
      52
      56
      54
      52
      53
      57
      51
      57
      62
      66
      64
      68
      69
      60
      68
      63
      50
      65
      60
      64
      59
      79
      56
      60
      56
      51
      52
      69
      48
      57
      63
      61
      53
      65
      71
      41
      60
      67
      55
      54
      63
      50
      62
      56
      56
      51
      60
      56
      69
      76
      59
      49
      62
      49
      62
      54
      65
      59
      63
      66
      58
      66
      63
      61
      59
      75
      46
      60
      62
      40
      58
      62
      53
      62
      58
      61
      50
      65
      60
      60
      54
      39
      63
      64
      57
      63
      54
      60
      64
      59
      57
      58
      48
      51
      52
      36
      62
      51
      48
      66
      53
      42
      67
      62
      52
      53
      61
      54
      62
      61
      43
      56
      50
      53
      61
      47
      42
      66
      54
      70
      48
      51
      44
      44
      53
      61
      56
      48
      51
      54
      49
      49
      46
      52
      55
      52
      53
      35
      55
      57
      70
      42
      56
      46
      51
      50
      58
      61
      48
      56
      48
      67
      47
      41
      35
      49
      44
      50
      40
      39
      53
      51
      41
      44
      48
      41
      48
      50
      44
      54
      46
      50
      44
      48
      46
      43
      41
      58
      37
      45
      43
      46
      46
      49
      49
      41
      50
      49
      63
      40
      43
      38
      37
      37
      46
      33
      40
      36
      49
      39
      52
      33
      33
      40
      52
      43
      55
      47
      50
      41
      32
      46
      28
      47
      40
      33
      42
      34
      47
      43
      44
      43
      37
      40
      44
      40
      28
      47
      44
      42
      28
      38
      42
      33
      32
      36
      41
      49
      30
      35
      34
      28
      33
      51
      28
      31
      36
      34
      29
      27
      36
      35
      36
      37
      31
      32
      47
      28
      36
      34
      41
      24
      34
      37
      37
      28
      25
      30
      34
      22
      40
      26
      33
      31
      34
      22
      28
      36
      30
      33
      27
      44
      28
      33
      28
      34
      27
      31
      36
      29
      29
      27
      35
      20
      38
      32
      35
      25
      31
      33
      28
      21
      38
      30
      34
      23
      31
      23
      27
      28
      33
      27
      27
      25
      21
      32
      28
      29
      28
      22
      16
      21
      22
      22
      24
      23
      27
      20
      22
      22
      16
      27
      15
      17
      20
      22
      21
      11
      23
      21
      24
      26
      20
      22
      26
      26
      21
      32
      17
      22
      22
      17
      18
      18
      18
      15
      13
      13
      18
      22
      20
      17
      18
      19
      22
      16
      18
      17
      18
      17
      21
      14
      23
      16
      21
      16
      23
      13
      16
      16
      14
      14
      17
      15
      14
      13
      13
      16
      16
      17
      15
      13
      16
      11
      14
      10
      20
      19
      15
      15
       9
      14
      16
      13
       9
       9
      18
       7
      13
       9
      11
      10
      19
       7
      10
       8
       8
      14
      20
      13
       5
      10
      13
       8
       9
       9
      17
      10
       8
       8
      10
       8
      11
      11
      11
      16
      11
      12
      15
      13
      17
       9
       5
       5
       5
       7
       7
       5
      10
       6
      14
       7
       6
       3
      10
       7
       8
      10
       8
       7
      10
       9
       7
       6
       4
      12
       7
       9
       5
       6
      10
       8
       4
      10
      10
       7
       6
      10
       6
       6
       9
      10
       6
       7
       5
       5
       9
       8
       8
       4
       5
       5
       4
       6
       5
      10
       1
       7
       9
       8
       7
       5
       7
       6
       6
       5
       4
       6
       7
       4
       3
       5
       6
       6
       7
       3
       3
       6
       5
       4
       5
       7
       7
       3
       4
       4
       5
       4
       3
       5
       3
       5
       2
       4
       4
       3
       5
       6
       4
       3
       5
       4
       1
       3
       2
       3
       7
       3
       3
       2
       3
       2
       3
       3
       4
       2
       2
       1
       7
       4
       3
       3
       5
       0
       1
       4
       5
       3
       2
       3
       4
       7
       3
       4
       6
       2
       5
       3
       1
       4
       2
       2
       2
       5
       4
       5
       3
       5
       1
       3
       0
       3
       1
       1
       0
       1
       1
       5
       1
       1
       2
       2
       0
       2
       1
       2
       5
       1
       2
       2
       2
       3
       1
       3
       5
       0
       2
       1
       2
       0
       5
       1
       2
       2
       3
       1
       2
       1
       1
       3
       5
       1
       3
       2
       3
       4
       1
       1
       0
       6
       0
       2
       2
       2
       0
       2
       3
       4
       1
       2
       2
       2
       1
       3
       0
       2
       3
       1
       2
       0
       2
       1
       3
       4
       1
       3
       2
       1
       2
       0
       2
       0
       2
       0
       4
       1
       1
       2
       2
       2
       4
       0
       0
       2
       3
       0
       2
       3
       2
       1
       0
       3
       1
       0
       5
       1
       0
       0
       0
       2
       2
       1
       0
       0
       0
       2
       2
       3
       2
       1
       1
       2
       2
       1
       2
       1
       3
       1
       2
       2
       1
       1
       2
       2
       3
       1
       1
       2
       1
       1
       1
       1
       1
       2
       2
       2
       1
       3
       2
       2
       3
       1
       1
       1
       0
       2
       0
       1
       1
       2
       2
       1
       1
       1
       3
       0
       1
       0
       0
       2
       3
       1
       1
       2
       0
       4
       2
       2
       1
       2
       5
       2
       0
       0
       4
       1
       2
       1
       1
       0
       0
       1
       0
       2
       2
       1
       2
       0
       1
       0
       0
       2
       1
       1
       1
       0
       1
       0
       1
       1
       2
       2
       1
       2
       0
       1
       0
       3
       1
       1
       2
       3
       2
       2
       2
       1
       0
       0
       0
       2
       4
       1
       0
       1
       2
       0
       1
       1
       1
       2
       0
       1
       3
       1
       1
       1
       1
       0
       0
       1
       1
       0
       1
       1
       0
       0
       1
       0
       0
       0
       0
       1
       2
       1
       0
       1
       1
       2
       0
       0
       1
       0
       0
       0
       0
       0
       3
       2
       0
       2
       0
       2
       1
       1
       0
       0
       1
       1
       1
       0
       1
       0
       0
       0
       1
       1
       2
       0
       1
       0
       1
       1
       0
       0
       2
       1
       0
       1
       0
       0
       0
       2
       3
       1
       1
       1
       0
       0
       0
       0
       1
       2
       1
       1
       3
       1
       2
       0
       1
       0
       2
       0
       1
       0
       1
       0
       1
       0
       3
       1
       0
       1
       0
       2
       1
       2
       1
       1
       0
       0
       0
       0
       1
       0
       2
       0
       2
       1
       1
       0
       0
       1
       2
       0
       2
       1
       2
       0
       0
       0
       0
       0
       0
       3
       3
       0
       0
       0
       2
       3
       2
       1
       1
       0
       1
       0
       1
       1
       0
       0
       1
       1
       0
       1
       0
       1
       0
       2
       0
       2
       0
       1
       0
       0
       1
       1
       2
       3
       0
       1
       1
       0
       2
       1
       1
       3
       1
       0
       0
       1
       1
       1
       1
       0
       2
       0
       0
       2
       1
       2
       1
       1
       1
       0
       3
       1
       1
       1
       0
       1
       0
       1
       1
       0
       0
       0
       2
       3
       1
       1
       0
       1
       2
       0
       1
       0
       0
       0
       0
       1
       0
       2
       0
       0
       2
       1
       1
       1
       0
       2
       0
       0
       0
       1
       2
       2
       2
       1
       1
       0
       0
       1
       1
       2
       1
       2
       0
       0
       1
       1
       1
       0
       0
       2
       1
       1
       0
       0
       0
       0
       0
       2
       1
       1
       2
       1
       1
       3
       1
       0
       1
       1
       1
       0
       0
       0
       2
       1
       0
       1
       0
       0
       2
       0
       1
       0
       1
       0
       0
       1
       0
       0
       0
       0
       0
       0
       2
       1
       1
       2
       1
       0
       0
       1
       1
       1
       0
       2
       2
       0
       0
       2
       1
       1
       1
       0
       1
       0
       1
       0
       1
       0
       2
       0
       0
       0
       1
       0
       1
       1
       0
       0
       0
       1
       0
       2
       0
       1
       1
       0
       1
       1
       0
       0
       1
       0
       1
       2
       0
       1
       1
       0
       2
       0
       0
       2
       1
       0
       0
       3
       1
       1
       1
       0
       1
       0
       0
       0
       0
       0
       1
       0
       0
       1
       2
       2
       0
       0
       0
       2
       1
       0
       0
       0
       2
       0
       1
       0
       0
       1
       1
       0
       0
       0
       1
       0
       0
       0
       0
       0
       1
       1
       0
       1
       0
       0
       0
       1
       2
       0
       1
       1
       3
       0
       0
       0
       0
       1
       0
       2
       1
       0
       0
       1
       1
       0
       0
       1
       0
       2
       2
       0
       1
       2
       1
       1
       0
       0
       0
       1
       1
       0
       2
       1
       0
       0
       1
       0
       0
       1
       2
       0
       2
       0
       2
       0
       1
       1
       0
       0
       0
       0
       0
       1
       0
       0
       1
       1
       0
       0
       0
       0
       2
       0
       1
       1
       1
       2
       0
       1
       0
       2
       1
       1
       2
       1
       1
       0
       0
       0
       0
       1
       0
       1
       2
       2
       3
       0
       0
       3
       0
       2
       1
       1
       0
       1
       1
       2
       0
       0
       1
       0
       0
       1
       1
       1
       0
       0
       1
       1
       1
       0
       1
       2
       0
       2
       1
       2
       1
       0
       2
       2
       1
       0
       1
       1
       2
       1
       0
       0
       0
       0
       1
       0
       0
       0
       0
       1
       1
       1
       0
       0
       0
       1
       0
       2
       1
       0
       1
       0
       0
       3
       0
       1
       0
       0
       0
       1
       0
       0
       1
       0
       0
       0
       0
       0
       0
       0
       0
       1
       1
       0
       0
       1
       1
       0
       1
       0
       2
       0
       0
       1
       0
       0
       0
       1
       0
       1
       0
       0
       3
       0
       0
       2
       3
       2
       1
       1
       1
       0
       0
       0
       0
       2
       0
       1
       0
       0
       0
       0
       0
       2
       1
       1
       2
       0
       0
       1
       0
       1
       1
       1
       1
       0
       0
       3
       1
       0
       0
       1
       1
       1
       0
       0
       1
       2
       1
       0
       0
       0
       1
       1
       0
       0
       1
       0
       0
       1
       1
       1
       0
       2
       0
       3
       1
       0
       0
       2
       0
       1
       0
       1
       0
       0
       1
       2
       0
       1
       0
       2
       1
       0
       0
       0
       0
       0
       1
       1
       0
       0
       0
       0
       2
       0
       1
       1
       0
       0
       1
       0
       0
       0
       0
       2
       0
       1
       0
       1
       0
       0
       0
       0
       1
       0
       0
       1
       1
       0
       1
       0
       3
       0
       0
       1
       1
       0
       1
       0
       0
       1
       0
       0
       2
       0
       1
       1
       0
       0
       1
       0
       1
       0
       2
       1
       0
       0
       0
       0
       1
       1
       1
       0
       0
       0
       4
       0
       1
       0
       0
       0
       0
       3
       2
       3
       0
       0
       1
       1
       1
       0
       1
       1
       0
       0
       0
       2
       0
       0
       1
       0
       0
       0
       1
       1
       0
       2
       1
       1
       1
       0
       1
       0
       1
       0
       1
       2
       0
       0
       2
       2
       2
       1
       0
       0
       0
       1
       0
       1
       0
       1
       0
       1
       0
       1
       0
       1
       0
       1
       2
       0
       0
       0
       1
       0
       1
       3
       0
       2
       0
       0
       0
       2
       1
       1
       0
       0
       0
       0
       1
       0
       1
       0
       0
       2
       0
       0
       1
       0
       0
       0
       1
       0
       1
       1
       0
       0
       1
       1
       0
       0
       0
       0
       0
       0
       2
       1
       0
       0
       0
       0
       0
       0
       0
       1
       0
       0
       2
       0
       2
       0
       0
       1
       1
       0
       0
       0
       0
       0
       1
       0
       1
       2
       0
       1
       0
       0
       0
       0
       0
       1
       3
       2
       1
       0
       1
       2
       0
       0
       1
       2
       1
       0
       1
       0
       0
       0
       0
       0
       1
       0
       0
       0
       0
       0
       1
       3
       0
       1
       0
       0
       2
       0
       0
       2
       0
       0
       0
       0
       0
       2
       1
       0
       1
       0
       0
       1
       0
       1
       0
       0
       0
       0
       0
       1
       0
       0
       0
       1
       1
       0
       0
       0
       0
       1
       0
       1
       1
       0
       0
       2
       0
       0
       0
       0
       0
       1
       0
       0
       0
       0
       0
       0
       2
       2
       0
       1
       0
       0
       0
       1
       0
       1
       0
       2
       0
       2
       0
       0
       0
       0
       1
       2
       0
       0
       0
       0
       0
       2
       1
       0
       1
       1
       0
       0
       0
       2
       0
       1
       2
       2
       0
       0
       0
       1
       3
       3
       0
       0
       1
       0
       0
       1
       0
       2
       0
       0
       0
       0
       1
       0
       0
       0
       0
       0
       1
       0
       0
       0
       0
       0
       0
       0
       0
       0
       0
       0
       1
       0
       1
       1
       0
       0
       0
       0
       1
       0
       0
       1
       3
       1
       0
       1
       0
       0
       1
       1
       1
       0
       0
       0
       0
       0
       2
       1
       0
       0
       1
       1
       0
       1
       0
       0
       1
       0
       0
       0
       0
       1
       0
       0
       0
       0
       1
       2
       0
       0
       0
       0
       0
       1
       0
       1
       0
       1
       0
       0
       0
       0
       1
       0
       0
       1
       0
       0
       3
       0
       0
       1
       2
       0
       2
       0
       0
       1
       0
       1
       0
       0
       1
       1
       1
       0
       1
       2
       2
       0
       0
       0
       0
       1
       2
       0
       0
       0
       0
       1
       0
       0
       1
       0
       0
       0
       0
       1
       0
       0
       0
       0
       0
       0
       1
       0
       0
       0
       0
       2
       0
       0
       0
       0
       0
       1
       2
       1
       1
       0
       1
       0
       3
       1
       0
       0
       0
       0
       0
       0
       0
       2
       1
       0
       0
       1
       0
       0
       1
       0
       0
       0
       1
       1
       0
       0
       0
       0
       1
       0
       1
       1
       1
       2
       0
       0
       0
       0
       0
       0
       0
       0
       3
       1
       1
       1
       0
       0
       0
       1
       0
       1
       2
       0
       0
       1
       0
       0
       0
       1
       0
       0
       0
       1
       1
       1
       1
       0
       0
       0
       1
       0
       0
       1
       1
       0
       0
       0
       0
       0
       0
       1
       0
       1
       0
       0
       0
       1
       0
       0
       0
       1
       0
       0
       0
       0
       1
       0
       0
       0
       1
       0
       0
       3
       1
       1
       1
       1
       1
       0
       0
       1
       0
       0
       0
       0
       0
       1
       0
       1
       0
       1
       0
       0
       1
       1
       0
       1
       2
       0
       0
       0
       0
       0
       0
       1
       0
       1
       1
       1
       1
       1
       0
       1
       0
       0
       0
       1
       1
       1
       1
       0
       1
       0
       1
       0
       0
       0
       0
       0
       1
       1
       1
       0
       1
       0
       1
       0
       0
       0
       0
       0
       0
       0
       0
       0
       0
       2
       0
       0
       0
       1
       0
       0
       0
       0
       0
       0
       0
       0
       0
       0
       0
       0
       0
       0
       0
       0
       0
       0
       0
       0
       0
       0
       0
       0
       0
       0
       0
       0
       0
       0
       0
       0
       0
       0
       0
       0
       0
       0
       0
       0
       0
       0
       0
       0
       0
       0
       0
       0
       0
       0
       0
       0
       0
       0
       0
       0
       0
       0
       0
       0
       0
       0
       0
       0
$ROI:
1
1505 2280
$PRESETS:
None
0
0
$ENER_FIT:
2.003927 0.156470
$MCA_CAL:
3
2.003927E+000 1.564700E-001 1.479025E-005 keV
$SHAPE_CAL:
3
3.500559E+001 4.560333E-002 5.119282E-006
