$SPEC_ID:
No sample description was entered.
$SPEC_REM:
DET# 1
DETDESC# FSGUNIV-O93LS3D Easy-MCA-8k SN 17088661
AP# Maestro Version 7.01
$DATE_MEA:
03/18/2024 11:36:08
$MEAS_TIM:
1526 1701
$DATA:
0 4095
       0
       0
       0
       0
       0
       0
       0
       0
       0
       0
       0
       0
       0
       0
       0
       0
       0
       0
       0
       0
       0
       0
       0
       0
       0
       0
       0
       0
       0
       0
       0
       0
       0
       0
       0
       0
       0
       0
       0
       0
       0
       0
       0
       0
       0
       0
       0
       0
       0
       0
       0
       1
       0
       0
       0
       0
       0
       0
       0
       0
       0
       0
       0
       0
       0
       0
       0
       0
       0
       0
       0
       0
       0
       0
       0
       0
       0
       0
       0
       1
       5
       7
      12
       8
      16
       9
      10
       8
       7
      18
       8
       9
       8
      15
      10
       6
       6
      11
       7
      11
      11
       9
      11
      10
       9
       7
       4
       8
       6
      12
       8
       9
       9
       6
       6
       7
       8
       9
      12
       5
       9
       7
       7
      11
      14
       6
      13
       8
       7
      12
      10
       3
       6
      11
       6
      12
       4
       9
      11
       7
      10
       9
      14
      11
       3
       7
       8
       4
      10
       8
      10
       9
      10
       6
       5
       8
       7
      10
      11
      10
       8
       8
       6
      11
       8
      10
      10
      12
       7
       4
      17
       8
       9
      11
      10
      11
       3
       8
      10
       4
       9
      12
       7
      12
      13
      15
       8
       8
      14
       8
      10
      12
       9
       8
      12
      14
      10
       9
      11
       8
       9
      12
       9
      18
      19
      12
      12
      13
       9
       7
      17
      11
       8
      13
       8
      14
      11
       5
      20
      10
       8
      14
      12
       6
      15
       5
       7
      10
       6
      14
      11
       3
      15
      14
       9
      13
       9
       7
      13
       4
      13
       9
      17
       7
       8
      11
      13
      13
       9
      16
      10
      17
       9
      12
      11
       9
      14
      19
      10
       7
      12
      10
      14
      11
      13
       5
       7
      14
      18
       6
      12
      12
       8
       9
      10
      13
      12
       6
       9
       7
       5
       7
      12
       7
      15
      11
       9
       8
       9
      13
      12
       6
      10
      12
      13
      12
       8
      10
      16
       8
      15
      17
      12
       8
       9
       7
      10
      11
      10
      14
       6
      11
      10
      14
       6
      11
       9
       6
       8
      11
      11
      17
       9
      16
      11
      16
      13
      12
      11
      11
      14
       9
       7
      12
      12
      11
      15
      15
      15
       8
       8
      14
      10
      13
      16
      12
      14
      20
       9
      13
      16
      11
       5
      20
      10
      12
      15
      15
      10
      22
      14
      19
      20
      12
      10
       9
      12
      10
      14
      19
      16
      11
      14
      18
      18
      12
      10
      17
      16
      17
      17
      17
      15
      13
      17
      12
      18
      15
      12
      17
      15
      15
      10
      13
      10
      13
      13
      13
      13
      10
      11
      10
      10
      16
      19
      20
      20
      14
      17
      17
      14
      19
      16
      11
      15
      19
      21
      12
      24
      16
      10
      19
      19
      23
      14
      16
      23
      11
      19
      21
      21
      28
      18
      16
      24
      26
      25
      26
      17
      13
      21
      18
      14
      12
      18
      25
      13
      17
      15
      21
      15
      22
      20
      20
      17
      17
      19
      22
      15
      17
      21
      20
      23
      24
      21
      17
      18
      25
      21
      29
      22
      25
      21
      19
      24
      22
      29
      19
      14
      21
      19
      27
      15
      25
      19
      18
      14
      21
      18
      27
      13
      15
      12
      23
      21
      18
      23
      17
      18
      14
      18
      16
      16
      22
      24
      29
      15
      19
      14
      22
      17
      20
      15
      16
      26
      13
      18
      13
      25
      22
      16
      16
      15
      19
      15
      23
      14
      10
      22
      22
      18
      12
      20
      13
      15
      14
      13
      17
      17
      13
      15
      17
      16
      21
      17
      12
      19
      17
      11
      15
      20
      14
      20
      12
      15
      12
      20
      17
      23
      19
      18
       9
      11
      25
      10
      11
      10
      21
      13
      11
      17
      19
      13
      21
      21
      22
      16
       8
      12
      18
      16
      13
      11
      15
      17
      20
      16
      17
      14
      19
      20
      22
      20
      14
      14
      13
      11
      15
      17
      19
      10
      14
      14
      14
      11
      17
      15
      15
      12
      22
      18
      31
      15
      13
      20
      12
      22
      19
      11
      19
       7
      13
      14
      16
      21
      20
      17
      18
      17
      19
      22
      21
       9
      11
      21
      27
      23
      22
      26
      15
      27
      17
      18
      22
       9
      14
      17
      19
      23
      12
      23
      20
      18
      14
      16
      18
      14
      24
      21
      15
      19
      19
       9
      27
      16
      22
      14
      24
      29
      23
      21
      19
      17
      23
      24
      28
      21
      13
      11
      15
      24
      20
      23
      25
      15
      18
      18
      22
      18
      16
      20
      15
      18
      28
      17
      20
      18
      15
      21
      26
      26
      11
      18
      21
      25
      19
      19
      24
      23
      23
      23
      17
      25
      22
      22
      34
      20
      24
      26
      17
      28
      25
      29
      27
      16
      20
      22
      26
      20
      19
      22
      12
      28
      24
      22
      20
      33
      20
      24
      32
      26
      25
      16
      23
      32
      37
      23
      24
      26
      30
      34
      35
      19
      29
      22
      27
      19
      18
      29
      33
      18
      29
      27
      29
      26
      21
      20
      19
      26
      22
      30
      31
      25
      29
      25
      23
      18
      26
      30
      27
      22
      24
      30
      25
      34
      24
      31
      37
      24
      27
      19
      22
      29
      29
      31
      15
      23
      38
      30
      31
      25
      25
      26
      27
      27
      16
      33
      30
      26
      25
      24
      25
      25
      39
      27
      23
      28
      24
      29
      26
      31
      25
      27
      29
      26
      28
      35
      28
      24
      27
      29
      29
      24
      38
      25
      29
      26
      39
      32
      30
      31
      31
      29
      23
      26
      28
      25
      29
      28
      26
      26
      26
      25
      37
      30
      23
      17
      32
      20
      22
      20
      32
      25
      23
      18
      19
      34
      23
      25
      20
      29
      26
      35
      38
      29
      27
      21
      30
      28
      25
      30
      23
      30
      24
      23
      28
      26
      24
      21
      19
      25
      20
      27
      30
      23
      30
      25
      23
      28
      24
      23
      26
      26
      27
      24
      29
      16
      27
      27
      36
      31
      24
      30
      26
      24
      19
      22
      33
      20
      18
      25
      31
      16
      20
      22
      28
      31
      18
      28
      22
      27
      24
      30
      27
      30
      31
      22
      26
      32
      20
      21
      30
      21
      27
      23
      39
      23
      31
      27
      18
      24
      25
      18
      29
      32
      28
      24
      27
      22
      24
      31
      27
      23
      23
      29
      27
      25
      31
      22
      16
      23
      26
      22
      26
      20
      24
      26
      20
      20
      39
      33
      22
      35
      30
      26
      30
      28
      26
      24
      24
      29
      28
      15
      25
      26
      26
      18
      19
      33
      18
      24
      23
      29
      24
      22
      20
      25
      31
      27
      30
      23
      21
      12
      27
      31
      19
      25
      18
      22
      32
      29
      25
      34
      25
      30
      35
      21
      25
      21
      22
      18
      22
      47
      28
      21
      18
      25
      27
      23
      14
      23
      18
      21
      27
      17
      23
      25
      22
      22
      24
      27
      33
      27
      18
      28
      32
      27
      26
      26
      22
      20
      33
      28
      18
      21
      22
      28
      26
      27
      24
      26
      30
      31
      22
      18
      26
      23
      20
      13
      40
      34
      24
      24
      24
      20
      24
      19
      21
      28
      24
      32
      25
      31
      23
      21
      26
      20
      24
      20
      40
      36
      24
      32
      20
      22
      34
      26
      25
      30
      21
      28
      24
      24
      18
      30
      37
      32
      37
      20
      22
      27
      28
      25
      28
      27
      26
      31
      29
      34
      24
      27
      29
      28
      28
      22
      27
      25
      27
      29
      31
      32
      20
      32
      26
      27
      34
      19
      32
      29
      18
      29
      32
      31
      27
      20
      28
      36
      34
      25
      41
      31
      30
      32
      36
      38
      31
      38
      37
      34
      39
      35
      35
      37
      39
      41
      30
      36
      36
      40
      33
      25
      41
      43
      38
      29
      33
      32
      35
      34
      35
      33
      31
      36
      40
      33
      32
      32
      52
      41
      30
      40
      40
      53
      40
      37
      32
      47
      43
      37
      40
      45
      35
      52
      51
      41
      40
      46
      40
      40
      42
      45
      45
      45
      57
      50
      39
      39
      58
      38
      56
      36
      49
      40
      42
      50
      41
      43
      41
      45
      47
      68
      53
      52
      54
      55
      49
      50
      59
      52
      59
      58
      54
      53
      60
      56
      45
      60
      63
      65
      65
      49
      55
      70
      61
      61
      67
      63
      54
      72
      64
      65
      53
      59
      68
      60
      70
      79
      70
      69
      74
      57
      79
      61
      63
      77
      67
      63
      53
      77
      68
      76
      75
      62
      71
      63
      68
      57
      64
      84
      68
      69
      83
      73
      87
      73
      82
      90
      73
      95
      77
      84
      80
      68
      88
      89
      86
      79
      84
      77
      82
      75
      78
      77
      69
      86
      91
      78
      80
      98
      93
     106
      87
      93
      95
     102
      79
      90
      79
      89
     107
     124
      86
      88
      89
     111
      83
      91
      89
      87
     102
     116
     101
      97
      95
      92
     108
      88
     113
     117
      87
     109
     113
     100
     105
     109
     104
     109
      91
     108
     101
     117
     109
     139
     113
     107
      94
     108
     110
     133
     123
     130
     109
      92
     119
     109
     101
     117
     115
     122
     117
     121
     102
     118
     113
     103
     122
     132
     130
     126
     100
     126
     103
     117
      97
     104
     122
     114
     114
     111
     117
      99
     104
     123
     116
     114
     123
     106
     127
     112
     133
     117
     133
     114
      89
     128
     101
     115
     139
     105
     134
     124
     115
     109
     107
     128
     123
     135
     116
     119
     117
     113
     124
     130
     129
     126
     108
     127
     118
     124
     145
     107
     139
     125
     111
      96
     116
     114
     115
     123
     125
     130
     115
     115
      99
     129
     105
     106
     120
     105
      94
     120
     110
      96
      85
     107
     127
     114
     115
     105
     100
     111
     105
     132
     119
     113
     118
     112
     150
      98
     112
     117
     102
     104
     102
     111
     108
      94
      89
     101
     107
      92
     117
     120
     104
      98
      93
     103
     114
     109
      91
     100
      85
      89
      91
     115
     108
      93
     103
      75
     100
     107
      92
      82
     102
     101
      78
      90
      90
     104
      99
      90
      94
      94
     108
     111
      95
      89
      92
      94
      85
      89
      71
      87
      79
      84
      75
      75
      74
      75
      74
      76
      73
      89
      72
      83
      77
      78
      78
      79
      78
      73
      76
      84
      78
      69
      74
      75
      63
      76
      72
      83
      74
      74
      49
      68
      71
      67
      76
      68
      64
      68
      52
      73
      60
      72
      84
      72
      59
      76
      68
      61
      73
      63
      60
      67
      78
      64
      59
      66
      60
      59
      63
      69
      56
      54
      48
      59
      72
      57
      63
      63
      46
      68
      62
      50
      47
      62
      59
      45
      35
      56
      56
      65
      53
      45
      46
      55
      58
      65
      55
      54
      48
      53
      50
      50
      41
      44
      39
      48
      37
      51
      36
      47
      37
      31
      36
      37
      35
      37
      50
      25
      26
      56
      43
      48
      48
      45
      37
      37
      36
      32
      34
      32
      34
      34
      36
      35
      33
      34
      35
      33
      44
      31
      43
      32
      33
      39
      33
      34
      36
      33
      26
      33
      34
      26
      31
      25
      37
      23
      21
      29
      32
      27
      36
      30
      23
      28
      30
      39
      23
      25
      27
      31
      26
      25
      22
      24
      16
      15
      14
      20
      26
      19
      26
      13
      19
      24
      28
      21
      28
      22
      17
      19
      18
      29
      24
      19
      21
      16
      20
      17
      19
      22
      21
      20
      17
      28
      19
      18
      19
      11
      22
      19
      20
      20
      15
      16
      16
      18
      14
      13
      16
      20
      18
      18
      16
      11
      12
      11
      10
      14
      14
      12
      18
      22
      14
      11
      18
      16
      14
      19
      18
      19
      13
      15
      14
      14
      17
      18
      16
      15
       8
      16
      14
       8
       7
      10
      15
       6
       7
      13
      13
       9
      13
      16
       8
      10
      15
      13
       7
       6
       7
      13
       7
       9
       8
      11
      15
      11
       8
       8
       9
       7
       6
       9
       9
       9
       9
       5
      14
       3
       6
       8
       8
      11
       8
      13
       7
       8
       4
      10
      10
      11
      12
      10
       8
       7
       7
       7
       9
       5
       7
       3
       3
      12
      10
       9
       4
       4
      11
       6
       6
       3
      12
       6
      11
       4
       4
       9
      11
       4
       4
       8
       8
       3
       7
       8
       4
       6
       3
       7
       7
       8
       2
       6
       6
       4
       7
       5
       6
       7
       3
      14
      10
       7
       7
       6
       6
      10
       4
      10
       9
       3
       7
       3
       5
       5
       4
      12
       3
       3
       8
       5
       3
       4
       5
       6
       5
       3
       6
       5
       4
       3
       5
       5
       9
       3
       4
       4
       3
       4
       1
       1
       5
       7
       5
       7
       7
       3
       7
       2
       7
       5
       3
       0
       8
       6
       7
       5
       9
      10
       3
       2
       7
       5
       4
       4
       4
       3
       6
       9
       3
       3
       4
       8
       7
       1
       4
       1
       4
       2
       7
       6
       3
       2
       3
       4
       3
       0
       4
       4
       1
       6
       1
       5
       1
       4
       2
       4
       2
       4
       2
       4
       3
       5
       4
       4
       4
       2
       7
       3
       0
       2
       4
       3
       3
       4
       1
       0
       4
       4
       1
       1
       2
       4
       4
       3
       3
       5
       0
       3
       4
       3
       2
       1
       6
       1
       3
       3
       3
       4
       2
       1
       2
       3
       0
       6
       3
       1
       1
       2
       4
       4
       2
       2
       5
       2
       1
       4
       2
       1
       3
       2
       6
       3
       6
       1
       2
       5
       0
       1
       4
       2
       2
       2
       3
       2
       1
       2
       4
       2
       1
       3
       3
       2
       0
       1
       1
       1
       3
       4
       2
       1
       8
       4
       2
       3
       1
       3
       2
       5
       4
       3
       2
       3
       2
       2
       5
       3
       1
       2
       4
       1
       2
       1
       2
       5
       1
       0
       0
       3
       3
       2
       4
       2
       1
       0
       4
       1
       1
       1
       3
       2
       4
       3
       3
       0
       3
       3
       2
       0
       1
       0
       2
       4
       1
       2
       2
       2
       2
       2
       2
       1
       2
       1
       7
       0
       0
       3
       0
       1
       2
       1
       0
       2
       0
       2
       0
       3
       6
       0
       1
       3
       4
       2
       1
       4
       0
       1
       4
       6
       1
       2
       1
       5
       4
       4
       3
       1
       0
       1
       0
       3
       3
       2
       2
       2
       0
       3
       1
       2
       1
       1
       1
       2
       3
       2
       2
       4
       0
       2
       0
       2
       0
       2
       2
       2
       1
       0
       1
       0
       1
       2
       0
       0
       0
       1
       0
       5
       1
       3
       4
       0
       0
       3
       3
       1
       3
       2
       4
       0
       1
       3
       3
       1
       1
       4
       0
       2
       1
       0
       1
       1
       4
       1
       1
       0
       3
       3
       1
       0
       3
       2
       3
       0
       0
       0
       3
       2
       0
       2
       2
       2
       3
       2
       4
       1
       3
       1
       1
       1
       3
       2
       1
       2
       2
       4
       2
       1
       1
       0
       1
       2
       2
       3
       0
       2
       1
       0
       2
       1
       0
       4
       2
       0
       2
       0
       3
       1
       2
       3
       1
       1
       0
       2
       1
       3
       2
       0
       3
       3
       2
       1
       1
       0
       0
       1
       2
       1
       0
       3
       1
       3
       4
       4
       3
       1
       2
       3
       2
       2
       0
       3
       0
       1
       0
       0
       1
       4
       2
       1
       0
       3
       3
       4
       2
       0
       2
       2
       4
       2
       4
       2
       0
       2
       0
       1
       2
       2
       1
       1
       0
       2
       1
       2
       1
       1
       1
       1
       2
       1
       1
       1
       3
       3
       1
       3
       3
       0
       1
       0
       1
       4
       1
       2
       2
       0
       3
       1
       1
       1
       2
       1
       1
       0
       1
       1
       3
       2
       1
       2
       2
       4
       1
       0
       0
       1
       1
       0
       1
       0
       3
       1
       4
       2
       1
       1
       2
       1
       3
       0
       2
       2
       0
       1
       0
       0
       0
       5
       3
       4
       1
       0
       2
       2
       2
       0
       1
       2
       1
       4
       1
       1
       3
       1
       2
       3
       3
       1
       2
       0
       1
       1
       1
       2
       4
       1
       1
       2
       2
       1
       2
       1
       3
       3
       0
       1
       1
       0
       5
       2
       3
       2
       2
       1
       1
       2
       1
       2
       0
       0
       0
       0
       0
       1
       1
       1
       1
       2
       1
       1
       1
       1
       2
       3
       0
       2
       0
       0
       3
       2
       1
       1
       2
       0
       0
       1
       1
       0
       3
       3
       1
       3
       1
       0
       1
       3
       1
       2
       0
       2
       3
       1
       0
       1
       1
       1
       1
       1
       5
       1
       1
       1
       3
       2
       0
       3
       1
       1
       0
       1
       0
       0
       2
       2
       0
       0
       1
       0
       3
       2
       1
       2
       2
       0
       0
       0
       1
       0
       2
       1
       3
       2
       0
       1
       1
       0
       1
       2
       3
       3
       1
       1
       2
       0
       2
       1
       1
       1
       2
       2
       3
       3
       1
       1
       2
       2
       1
       2
       0
       0
       1
       4
       2
       2
       0
       1
       1
       2
       2
       3
       2
       1
       1
       1
       1
       4
       1
       3
       1
       3
       0
       1
       1
       0
       1
       1
       2
       2
       1
       0
       1
       2
       1
       1
       1
       2
       2
       0
       1
       1
       1
       1
       4
       1
       0
       1
       1
       1
       0
       1
       2
       0
       2
       2
       0
       1
       3
       2
       1
       2
       0
       2
       2
       2
       2
       2
       1
       0
       2
       1
       1
       1
       1
       2
       2
       1
       2
       1
       1
       0
       2
       1
       2
       0
       0
       2
       4
       2
       4
       0
       0
       2
       2
       2
       1
       1
       0
       2
       1
       1
       2
       0
       0
       3
       1
       0
       2
       5
       1
       0
       1
       2
       2
       1
       0
       1
       2
       1
       2
       2
       1
       2
       1
       1
       0
       2
       2
       0
       0
       1
       1
       1
       1
       7
       1
       2
       0
       1
       0
       1
       2
       1
       0
       2
       2
       0
       2
       0
       1
       2
       1
       2
       2
       1
       3
       1
       4
       3
       1
       2
       0
       0
       2
       4
       5
       3
       2
       2
       2
       0
       2
       0
       1
       1
       0
       2
       1
       1
       3
       0
       2
       3
       1
       2
       0
       2
       1
       1
       2
       1
       1
       1
       1
       2
       2
       6
       1
       1
       0
       2
       1
       4
       1
       1
       1
       3
       1
       0
       1
       4
       2
       2
       2
       1
       0
       0
       2
       2
       2
       0
       1
       1
       0
       1
       0
       0
       0
       2
       0
       3
       1
       3
       0
       0
       2
       3
       1
       0
       1
       2
       2
       0
       1
       2
       2
       1
       2
       1
       2
       0
       1
       1
       3
       3
       2
       1
       0
       0
       3
       0
       1
       3
       2
       0
       1
       1
       2
       1
       1
       2
       2
       1
       0
       0
       2
       0
       0
       2
       0
       1
       0
       3
       1
       1
       0
       0
       2
       1
       1
       2
       1
       1
       0
       3
       0
       3
       2
       1
       4
       2
       3
       2
       1
       0
       0
       2
       0
       0
       1
       0
       1
       1
       1
       1
       2
       1
       2
       0
       1
       2
       0
       3
       1
       0
       0
       0
       2
       2
       1
       0
       1
       0
       3
       3
       0
       0
       1
       1
       1
       3
       1
       2
       1
       3
       2
       2
       0
       0
       3
       2
       0
       0
       0
       0
       1
       0
       1
       1
       0
       0
       1
       1
       2
       1
       1
       1
       0
       0
       0
       4
       3
       2
       0
       3
       2
       0
       1
       1
       1
       1
       1
       3
       1
       5
       0
       1
       0
       0
       1
       1
       0
       1
       1
       0
       1
       3
       1
       2
       0
       2
       1
       1
       2
       1
       0
       1
       0
       1
       0
       2
       3
       1
       1
       1
       0
       1
       1
       0
       2
       1
       0
       0
       1
       1
       2
       2
       2
       2
       0
       2
       0
       1
       0
       0
       0
       4
       1
       2
       0
       2
       0
       2
       1
       0
       1
       1
       1
       0
       1
       0
       1
       2
       2
       2
       0
       2
       0
       2
       1
       2
       1
       0
       3
       1
       0
       2
       2
       1
       1
       0
       1
       0
       0
       2
       3
       2
       0
       3
       0
       1
       0
       2
       4
       0
       0
       0
       1
       1
       2
       1
       1
       0
       1
       2
       0
       0
       0
       0
       0
       0
       0
       0
       1
       2
       2
       0
       1
       2
       0
       1
       2
       0
       0
       0
       0
       2
       0
       2
       1
       1
       1
       1
       2
       0
       0
       1
       0
       2
       0
       1
       1
       0
       1
       2
       0
       2
       0
       1
       0
       0
       1
       1
       3
       1
       0
       0
       3
       1
       0
       1
       0
       1
       1
       1
       2
       1
       2
       1
       1
       1
       0
       0
       0
       1
       1
       0
       2
       1
       1
       1
       1
       0
       1
       1
       0
       1
       1
       2
       0
       1
       0
       0
       2
       2
       0
       0
       1
       0
       0
       1
       0
       0
       0
       0
       1
       0
       0
       0
       1
       2
       0
       1
       1
       0
       2
       0
       0
       2
       1
       2
       1
       2
       0
       1
       1
       2
       0
       2
       1
       2
       2
       0
       4
       0
       2
       0
       3
       0
       2
       1
       0
       0
       0
       0
       1
       2
       3
       0
       0
       3
       2
       1
       1
       1
       1
       0
       0
       0
       3
       0
       0
       1
       0
       1
       6
       1
       0
       0
       0
       1
       0
       1
       0
       0
       0
       2
       3
       1
       1
       1
       1
       0
       0
       1
       0
       2
       0
       0
       0
       1
       1
       1
       1
       1
       1
       1
       3
       1
       1
       1
       0
       1
       0
       3
       2
       0
       1
       1
       1
       0
       1
       1
       2
       0
       0
       2
       2
       2
       2
       0
       0
       4
       0
       1
       1
       0
       0
       1
       0
       0
       1
       1
       0
       0
       0
       0
       1
       1
       3
       1
       1
       0
       0
       2
       2
       0
       1
       4
       0
       0
       1
       1
       3
       1
       0
       0
       1
       0
       0
       0
       0
       1
       1
       0
       2
       1
       0
       0
       0
       0
       2
       0
       0
       0
       0
       2
       0
       0
       0
       1
       0
       0
       1
       0
       2
       0
       0
       0
       1
       0
       1
       1
       1
       1
       2
       0
       0
       0
       0
       2
       0
       0
       1
       1
       0
       1
       0
       0
       0
       1
       2
       0
       2
       0
       1
       1
       0
       0
       0
       1
       1
       0
       1
       0
       0
       0
       1
       0
       1
       1
       2
       2
       0
       1
       0
       0
       1
       1
       2
       0
       1
       3
       0
       1
       2
       0
       0
       1
       0
       0
       0
       0
       0
       1
       1
       2
       3
       0
       0
       0
       1
       3
       1
       2
       1
       0
       0
       2
       1
       1
       1
       0
       1
       2
       0
       0
       0
       1
       2
       0
       1
       1
       3
       1
       2
       0
       1
       1
       1
       0
       0
       1
       1
       1
       1
       3
       0
       3
       1
       0
       1
       2
       1
       2
       1
       1
       1
       1
       1
       0
       0
       1
       1
       3
       0
       2
       2
       2
       0
       1
       0
       1
       1
       0
       1
       1
       2
       0
       0
       0
       0
       1
       1
       0
       1
       1
       1
       2
       0
       0
       0
       0
       0
       1
       0
       0
       1
       3
       0
       1
       3
       2
       0
       1
       1
       1
       1
       1
       2
       0
       1
       1
       1
       0
       0
       0
       1
       1
       1
       1
       2
       2
       0
       1
       2
       0
       0
       1
       1
       0
       1
       0
       0
       1
       0
       2
       0
       0
       1
       1
       2
       0
       0
       3
       1
       1
       2
       0
       0
       2
       2
       2
       0
       0
       1
       0
       0
       0
       1
       2
       2
       1
       0
       0
       0
       1
       0
       0
       0
       3
       1
       1
       0
       2
       0
       1
       1
       0
       2
       1
       0
       0
       0
       3
       1
       1
       0
       0
       3
       1
       0
       1
       1
       2
       0
       0
       0
       1
       0
       1
       3
       0
       0
       0
       1
       0
       1
       1
       1
       0
       0
       2
       1
       0
       0
       1
       1
       0
       3
       1
       3
       0
       0
       3
       1
       1
       1
       1
       1
       2
       0
       2
       1
       2
       2
       1
       0
       3
       2
       0
       1
       0
       1
       0
       1
       1
       0
       0
       0
       0
       0
       0
       1
       0
       3
       1
       0
       0
       1
       1
       1
       1
       2
       2
       0
       0
       0
       1
       0
       2
       0
       0
       1
       0
       1
       0
       0
       1
       1
       0
       0
       1
       0
       2
       1
       0
       0
       1
       0
       1
       1
       0
       0
       0
       0
       0
       0
       1
       1
       1
       1
       0
       0
       1
       1
       0
       0
       2
       0
       0
       0
       1
       1
       4
       0
       0
       0
       0
       0
       0
       1
       1
       0
       0
       0
       1
       1
       2
       0
       0
       0
       2
       0
       0
       0
       1
       1
       1
       2
       1
       0
       1
       0
       0
       0
       0
       0
       1
       1
       2
       1
       0
       0
       1
       0
       1
       1
       1
       1
       1
       0
       0
       0
       1
       1
       1
       2
       0
       1
       1
       0
       0
       0
       1
       1
       0
       1
       2
       1
       1
       2
       1
       0
       2
       0
       0
       2
       2
       0
       1
       0
       0
       3
       0
       0
       0
       0
       1
       1
       0
       1
       2
       0
       2
       0
       1
       1
       3
       0
       1
       0
       1
       0
       1
       0
       0
       0
       0
       1
       0
       0
       0
       0
       1
       1
       2
       1
       1
       1
       2
       1
       1
       0
       1
       0
       0
       3
       1
       0
       0
       0
       2
       0
       1
       2
       0
       1
       0
       1
       0
       1
       2
       0
       2
       0
       2
       1
       2
       1
       3
       0
       0
       0
       1
       0
       0
       1
       0
       0
       1
       1
       0
       1
       2
       0
       1
       2
       0
       1
       2
       0
       1
       1
       1
       0
       3
       1
       2
       2
       0
       4
       0
       0
       1
       0
       1
       2
       3
       0
       2
       0
       0
       0
       0
       0
       2
       0
       0
       1
       0
       0
       0
       1
       0
       1
       1
       0
       0
       1
       0
       1
       0
       2
       0
       0
       0
       0
       2
       2
       0
       1
       0
       1
       1
       0
       1
       1
       0
       2
       0
       1
       1
       3
       0
       2
       0
       1
       0
       0
       1
       1
       0
       0
       1
       1
       1
       0
       2
       0
       2
       1
       0
       1
       1
       3
       0
       2
       2
       0
       1
       1
       1
       1
       0
       0
       1
       2
       1
       1
       1
       0
       2
       0
       1
       2
       0
       1
       0
       2
       2
       0
       1
       1
       0
       2
       0
       1
       1
       0
       0
       1
       1
       0
       0
       0
       0
       0
       1
       1
       0
       1
       0
       0
       0
       0
       0
       0
       0
       0
       0
       0
       0
       0
       0
       0
       0
       0
       0
       0
       0
       0
       0
       0
       0
       0
       0
       0
       0
       0
       0
       0
       0
       0
       0
       0
       0
       0
       0
       0
       0
       0
       0
       0
       0
       0
       0
       0
       0
       0
       0
       0
       0
       0
       0
       0
       0
       0
       0
       0
       0
       0
       0
       0
       0
       0
$ROI:
1
1036 1793
$PRESETS:
None
0
0
$ENER_FIT:
2.003927 0.156470
$MCA_CAL:
3
2.003927E+000 1.564700E-001 1.479025E-005 keV
$SHAPE_CAL:
3
3.500559E+001 4.560333E-002 5.119282E-006
