$SPEC_ID:
No sample description was entered.
$SPEC_REM:
DET# 1
DETDESC# FSGUNIV-O93LS3D Easy-MCA-8k SN 17088661
AP# Maestro Version 7.01
$DATE_MEA:
03/11/2024 09:47:10
$MEAS_TIM:
120 300
$DATA:
0 2047
       0
       0
       0
       0
       0
       0
       0
       0
       0
       0
       0
       0
       0
       0
       0
       0
       0
       0
       0
       0
       0
       0
       0
       0
       0
       0
       0
       0
       0
       0
       0
       0
       0
       0
       0
       0
       0
       0
       0
       0
     215
     293
     317
     291
     311
     289
     284
     305
     300
     295
     307
     250
     274
     329
     315
     263
     310
     309
     283
     300
     330
     306
     317
     313
     317
     315
     313
     290
     299
     328
     299
     305
     332
     312
     349
     304
     301
     289
     325
     336
     329
     339
     308
     329
     282
     328
     338
     313
     320
     352
     310
     310
     344
     333
     315
     309
     321
     327
     315
     338
     332
     313
     302
     345
     336
     335
     307
     325
     322
     311
     345
     346
     302
     347
     316
     328
     358
     322
     334
     308
     387
     332
     321
     353
     316
     347
     354
     329
     329
     317
     332
     328
     345
     338
     362
     356
     356
     360
     353
     326
     341
     348
     366
     314
     332
     284
     366
     362
     313
     368
     378
     354
     343
     349
     345
     373
     321
     367
     355
     379
     343
     345
     351
     364
     356
     317
     314
     327
     373
     331
     299
     361
     347
     347
     357
     370
     348
     347
     349
     325
     369
     326
     348
     346
     380
     359
     406
     363
     348
     369
     384
     359
     317
     371
     378
     338
     340
     357
     402
     368
     386
     389
     357
     396
     392
     382
     402
     365
     372
     425
     358
     376
     388
     376
     379
     404
     352
     358
     343
     380
     409
     371
     402
     405
     393
     381
     430
     398
     397
     387
     347
     393
     427
     383
     377
     350
     406
     368
     389
     377
     380
     404
     363
     380
     377
     328
     352
     389
     392
     344
     390
     356
     367
     342
     372
     363
     387
     358
     351
     362
     386
     382
     338
     398
     376
     374
     373
     390
     374
     359
     404
     357
     359
     404
     375
     354
     378
     334
     359
     357
     340
     364
     346
     367
     371
     353
     361
     406
     334
     368
     391
     365
     344
     336
     364
     387
     355
     381
     367
     376
     347
     384
     355
     367
     367
     378
     339
     373
     372
     380
     332
     373
     341
     364
     354
     371
     410
     406
     362
     364
     369
     356
     386
     369
     377
     356
     380
     372
     394
     371
     372
     395
     378
     351
     370
     379
     383
     381
     389
     398
     363
     374
     409
     359
     400
     375
     373
     395
     367
     391
     365
     361
     393
     391
     352
     370
     369
     395
     364
     361
     377
     398
     359
     352
     371
     345
     356
     377
     375
     387
     379
     377
     388
     349
     379
     392
     401
     382
     387
     380
     361
     415
     356
     397
     379
     379
     354
     394
     420
     387
     364
     356
     370
     374
     359
     399
     418
     374
     387
     374
     381
     376
     367
     363
     388
     393
     416
     359
     385
     388
     377
     410
     396
     378
     375
     370
     378
     379
     378
     402
     380
     397
     382
     371
     407
     406
     432
     415
     368
     387
     394
     399
     379
     393
     395
     399
     416
     392
     411
     379
     391
     397
     396
     387
     397
     395
     407
     393
     396
     435
     420
     412
     458
     409
     403
     383
     465
     380
     404
     402
     415
     431
     414
     436
     398
     374
     445
     422
     425
     417
     409
     419
     430
     435
     441
     410
     430
     441
     413
     438
     412
     472
     462
     388
     432
     449
     433
     426
     421
     430
     461
     483
     457
     483
     428
     460
     439
     463
     463
     444
     416
     461
     436
     490
     461
     472
     494
     438
     451
     453
     448
     472
     494
     459
     481
     486
     456
     441
     437
     463
     480
     461
     437
     455
     462
     460
     478
     474
     501
     461
     475
     465
     454
     448
     460
     466
     485
     460
     453
     480
     461
     454
     463
     452
     442
     454
     476
     442
     431
     462
     444
     461
     433
     460
     439
     405
     456
     453
     393
     452
     435
     473
     432
     398
     440
     460
     453
     438
     424
     457
     435
     458
     410
     431
     418
     434
     426
     459
     422
     395
     435
     418
     436
     438
     492
     433
     423
     435
     428
     427
     444
     425
     421
     398
     453
     417
     401
     398
     417
     445
     393
     429
     404
     423
     430
     437
     411
     434
     464
     444
     419
     427
     428
     377
     400
     425
     460
     397
     476
     436
     409
     440
     452
     433
     423
     420
     445
     436
     396
     442
     418
     402
     415
     439
     391
     444
     457
     413
     404
     417
     429
     411
     443
     415
     431
     389
     397
     417
     418
     455
     390
     426
     434
     410
     404
     417
     433
     426
     396
     432
     432
     422
     429
     407
     389
     435
     424
     402
     373
     446
     389
     428
     391
     436
     428
     421
     389
     399
     363
     425
     380
     404
     396
     413
     397
     415
     455
     390
     406
     384
     408
     412
     417
     416
     399
     394
     384
     398
     409
     394
     398
     413
     412
     378
     413
     401
     442
     378
     392
     377
     403
     398
     400
     411
     403
     411
     409
     380
     387
     381
     382
     402
     401
     444
     466
     390
     437
     389
     348
     403
     415
     389
     419
     352
     402
     420
     438
     403
     378
     376
     402
     409
     398
     394
     426
     433
     390
     402
     361
     397
     395
     429
     381
     401
     405
     390
     422
     392
     412
     426
     373
     403
     417
     395
     389
     392
     427
     410
     400
     425
     394
     403
     437
     352
     377
     394
     413
     381
     426
     386
     428
     359
     372
     420
     435
     432
     406
     398
     400
     392
     388
     403
     384
     415
     414
     437
     417
     392
     417
     428
     426
     382
     390
     394
     455
     390
     393
     400
     418
     407
     409
     408
     384
     400
     397
     424
     396
     401
     420
     389
     383
     381
     364
     401
     373
     404
     398
     411
     419
     366
     413
     385
     396
     372
     418
     400
     388
     396
     433
     397
     406
     403
     420
     384
     443
     413
     428
     427
     406
     452
     404
     406
     389
     426
     411
     424
     377
     384
     413
     419
     352
     431
     469
     392
     393
     388
     401
     445
     412
     413
     409
     374
     432
     392
     441
     400
     430
     410
     387
     399
     388
     433
     412
     396
     386
     412
     417
     419
     400
     433
     413
     367
     447
     395
     407
     421
     443
     400
     437
     412
     354
     388
     407
     423
     397
     416
     420
     421
     400
     403
     373
     428
     406
     417
     431
     390
     372
     415
     385
     397
     381
     437
     429
     408
     399
     417
     401
     399
     426
     377
     405
     386
     438
     427
     464
     396
     420
     421
     432
     442
     417
     405
     380
     384
     420
     381
     385
     423
     393
     420
     379
     424
     388
     413
     422
     387
     446
     437
     405
     410
     425
     429
     433
     398
     392
     409
     425
     455
     372
     419
     414
     407
     397
     439
     449
     443
     420
     405
     450
     429
     421
     428
     405
     432
     377
     415
     452
     438
     400
     386
     435
     394
     433
     451
     455
     421
     428
     407
     424
     402
     421
     407
     424
     428
     411
     420
     470
     411
     444
     431
     464
     419
     410
     399
     429
     431
     445
     411
     423
     464
     437
     438
     456
     409
     432
     399
     431
     446
     423
     440
     424
     443
     392
     401
     437
     426
     446
     406
     422
     434
     444
     485
     423
     436
     451
     446
     469
     440
     373
     446
     452
     437
     390
     425
     427
     426
     484
     398
     452
     474
     406
     464
     463
     462
     410
     470
     442
     456
     432
     434
     449
     466
     429
     439
     422
     449
     422
     454
     478
     433
     481
     449
     495
     439
     444
     467
     377
     431
     480
     433
     429
     427
     430
     461
     426
     396
     418
     422
     409
     435
     449
     432
     421
     449
     464
     433
     389
     401
     428
     394
     454
     436
     406
     412
     448
     433
     409
     451
     444
     423
     430
     426
     392
     407
     444
     421
     416
     455
     397
     419
     442
     409
     419
     406
     421
     377
     402
     393
     402
     404
     402
     380
     375
     385
     398
     376
     406
     364
     360
     369
     354
     359
     352
     391
     381
     345
     334
     395
     370
     352
     353
     330
     350
     339
     335
     322
     306
     322
     342
     301
     328
     312
     314
     306
     336
     321
     305
     323
     289
     280
     289
     302
     292
     295
     295
     300
     283
     309
     289
     289
     268
     292
     244
     276
     259
     260
     287
     263
     264
     273
     236
     262
     244
     216
     236
     236
     209
     229
     195
     256
     225
     246
     236
     225
     217
     206
     250
     223
     231
     200
     213
     235
     203
     224
     208
     194
     190
     200
     195
     172
     185
     191
     222
     226
     198
     202
     166
     187
     177
     194
     203
     155
     184
     183
     182
     189
     157
     199
     181
     158
     169
     187
     166
     160
     171
     147
     174
     134
     166
     169
     153
     151
     181
     152
     185
     164
     149
     172
     161
     172
     163
     161
     163
     170
     177
     150
     154
     151
     173
     153
     154
     143
     143
     153
     156
     167
     167
     153
     142
     148
     132
     139
     149
     164
     154
     153
     152
     129
     142
     150
     145
     141
     146
     133
     147
     145
     146
     142
     144
     149
     136
     122
     155
     145
     165
     130
     152
     165
     126
     130
     143
     144
     125
     136
     137
     123
     144
     114
     140
     144
     157
     125
     125
     124
     153
     153
     119
     141
     134
     137
     161
     130
     130
     146
     156
     149
     130
     144
     129
     143
     133
     133
     153
     136
     148
     141
     158
     151
     134
     138
     138
     125
     128
     129
     135
     153
     128
     148
     140
     151
     130
     160
     140
     131
     145
     121
     156
     136
     152
     123
     136
     124
     154
     146
     143
     131
     131
     135
     129
     128
     138
     154
     132
     139
     149
     140
     128
     148
     144
     153
     154
     122
     153
     147
     151
     156
     139
     136
     132
     133
     138
     137
     154
     138
     147
     131
     152
     145
     144
     158
     138
     126
     122
     139
     146
     159
     129
     149
     146
     134
     137
     151
     142
     146
     162
     150
     141
     156
     160
     161
     173
     148
     152
     161
     159
     156
     152
     146
     164
     165
     151
     155
     183
     164
     158
     198
     159
     158
     192
     164
     161
     172
     175
     172
     183
     182
     155
     199
     184
     177
     195
     201
     195
     192
     177
     164
     202
     183
     177
     216
     209
     200
     189
     193
     216
     245
     225
     220
     211
     228
     241
     266
     225
     255
     249
     257
     262
     260
     255
     252
     271
     279
     290
     271
     289
     308
     300
     344
     324
     334
     356
     365
     350
     389
     398
     452
     389
     435
     405
     432
     446
     421
     481
     482
     503
     493
     511
     525
     556
     572
     551
     553
     559
     622
     597
     677
     663
     667
     644
     660
     745
     727
     781
     751
     850
     824
     829
     858
     916
     868
     916
     937
     980
    1048
    1007
    1046
    1018
    1102
    1173
    1243
    1191
    1225
    1209
    1242
    1247
    1291
    1409
    1484
    1429
    1403
    1540
    1481
    1529
    1554
    1570
    1714
    1685
    1728
    1760
    1808
    1823
    1842
    1858
    1923
    1950
    1961
    2063
    2054
    2065
    2166
    2172
    2169
    2237
    2321
    2318
    2384
    2450
    2467
    2398
    2553
    2528
    2549
    2591
    2533
    2637
    2689
    2703
    2700
    2714
    2785
    2860
    2893
    2867
    2929
    2977
    3053
    2999
    2963
    3036
    3315
    3151
    3128
    3132
    3194
    3179
    3217
    3281
    3202
    3401
    3395
    3343
    3277
    3440
    3418
    3332
    3283
    3308
    3324
    3443
    3388
    3437
    3444
    3461
    3427
    3465
    3496
    3410
    3472
    3432
    3407
    3361
    3454
    3312
    3363
    3301
    3309
    3331
    3284
    3233
    3182
    3331
    3224
    3135
    3189
    3116
    3059
    3081
    3053
    3004
    3012
    2927
    2913
    2925
    2853
    2925
    2729
    2712
    2778
    2690
    2649
    2645
    2610
    2519
    2533
    2483
    2362
    2474
    2356
    2398
    2287
    2238
    2257
    2191
    2122
    2096
    2089
    2035
    1955
    1942
    1905
    1823
    1831
    1684
    1682
    1707
    1696
    1681
    1552
    1554
    1443
    1474
    1454
    1396
    1388
    1336
    1276
    1269
    1233
    1193
    1142
    1124
    1076
    1038
    1027
    1023
     957
     946
     876
     862
     866
     781
     776
     816
     777
     682
     681
     647
     626
     638
     626
     514
     534
     519
     466
     472
     482
     448
     461
     405
     445
     344
     378
     373
     377
     360
     307
     329
     305
     289
     270
     292
     236
     234
     232
     209
     226
     210
     196
     199
     208
     175
     157
     137
     147
     148
     149
     151
     129
     115
     124
     129
     104
     106
      85
      98
      88
      90
      82
      81
      74
      71
      79
      55
      76
      75
      55
      74
      60
      52
      53
      42
      43
      37
      43
      64
      44
      42
      43
      42
      34
      32
      40
      35
      43
      24
      35
      37
      28
      32
      26
      28
      24
      36
      32
      26
      30
      25
      25
      18
      24
      19
      18
      20
      22
      28
      29
      34
      31
      28
      29
      25
      24
      22
      26
      15
      26
      17
      22
      18
      20
      17
      21
      21
      21
      19
      20
      16
      21
      20
      25
      18
      20
      19
      18
      21
      15
      15
      24
      22
      17
      26
      20
      14
      20
      21
      21
      20
      21
      11
      19
      23
      17
      15
      24
      20
      19
      30
      17
      28
      20
      20
      20
      20
      19
      13
      27
      14
      16
      24
      16
      18
      31
      23
      24
      18
      28
      11
      20
      21
      21
      16
      23
      22
      15
      14
      29
      13
      16
      18
      19
      14
      17
      21
      21
      18
      32
      19
      16
      23
      16
      18
      22
      23
      21
      20
      20
      20
      23
      22
      21
      14
      16
      15
      14
      33
      28
      24
      23
      17
      18
      20
      25
      17
      20
      15
      19
      17
      14
      18
      21
      24
      19
      17
      20
      15
      22
      22
      23
      25
      23
      13
      23
      19
      19
      21
      26
      24
      14
      20
      10
      17
      20
      21
      17
      20
      19
      17
       7
      11
      15
      16
      13
      25
      22
      25
      15
      24
      19
      10
      14
      13
      19
      21
      15
      12
      21
      18
      15
      17
      14
      19
      22
      22
      22
      23
      16
       0
       0
       0
       0
       0
       0
       0
       0
       0
       0
       0
       0
       0
       0
       0
       0
       0
       0
       0
       0
       0
       0
       0
       0
       0
       0
       0
       0
       0
       0
       0
       0
$ROI:
6
67 116
196 256
297 368
871 937
1189 1365
1529 1730
$PRESETS:
None
0
0
$ENER_FIT:
-0.231476 0.346771
$MCA_CAL:
3
-2.314757E-001 3.467707E-001 5.144805E-005 keV
$SHAPE_CAL:
3
1.165611E+001 9.210392E-002 -6.085550E-005
