$SPEC_ID:
No sample description was entered.
$SPEC_REM:
DET# 1
DETDESC# FSGUNIV-O93LS3D Easy-MCA-8k SN 17088661
AP# Maestro Version 7.01
$DATE_MEA:
03/11/2024 09:39:35
$MEAS_TIM:
100 301
$DATA:
0 2047
       0
       0
       0
       0
       0
       0
       0
       0
       0
       0
       0
       0
       0
       0
       0
       0
       0
       0
       0
       0
       0
       0
       0
       0
       0
       0
       0
       0
       0
       0
       0
       0
       0
       0
       0
       0
       0
       0
       0
       1
     251
     320
     300
     287
     332
     323
     331
     301
     288
     336
     345
     296
     291
     325
     325
     339
     290
     308
     329
     301
     333
     337
     284
     336
     311
     299
     338
     335
     306
     328
     303
     336
     348
     301
     347
     312
     331
     356
     315
     320
     325
     332
     334
     361
     323
     312
     322
     332
     339
     316
     338
     353
     355
     352
     357
     347
     369
     328
     338
     313
     346
     325
     315
     353
     323
     338
     314
     337
     347
     343
     374
     343
     323
     369
     359
     335
     333
     364
     353
     356
     323
     301
     336
     363
     332
     358
     344
     363
     352
     331
     382
     356
     371
     377
     318
     380
     350
     363
     369
     368
     359
     356
     388
     360
     363
     391
     327
     354
     347
     349
     370
     367
     365
     351
     322
     324
     358
     337
     337
     337
     394
     357
     357
     371
     383
     343
     379
     363
     345
     340
     344
     353
     361
     354
     349
     326
     347
     379
     374
     348
     363
     385
     382
     400
     354
     384
     372
     389
     408
     356
     335
     383
     380
     397
     351
     364
     402
     384
     388
     410
     404
     410
     409
     392
     378
     364
     417
     389
     391
     434
     394
     406
     408
     438
     420
     415
     418
     439
     440
     404
     391
     385
     415
     383
     389
     379
     387
     401
     409
     391
     396
     382
     414
     414
     399
     373
     431
     394
     417
     367
     396
     414
     398
     387
     362
     413
     391
     385
     400
     387
     387
     399
     393
     364
     363
     388
     410
     401
     383
     381
     348
     398
     356
     402
     393
     377
     381
     366
     395
     353
     375
     367
     377
     380
     361
     382
     346
     350
     374
     363
     352
     389
     364
     367
     422
     357
     379
     367
     356
     323
     375
     368
     397
     361
     387
     368
     391
     381
     353
     377
     386
     395
     339
     359
     365
     377
     394
     364
     383
     375
     338
     371
     392
     373
     383
     358
     406
     348
     374
     345
     364
     413
     424
     397
     361
     398
     386
     399
     394
     411
     355
     371
     396
     401
     412
     367
     370
     357
     413
     397
     371
     350
     372
     377
     395
     397
     383
     389
     398
     390
     401
     398
     377
     374
     408
     415
     385
     427
     375
     400
     401
     338
     398
     377
     388
     377
     390
     386
     408
     415
     369
     392
     379
     378
     417
     454
     396
     390
     401
     396
     412
     375
     423
     424
     385
     371
     390
     408
     408
     403
     395
     413
     383
     388
     392
     422
     382
     413
     427
     397
     420
     407
     378
     412
     422
     387
     405
     375
     399
     383
     385
     417
     419
     370
     421
     379
     405
     423
     405
     402
     404
     399
     395
     412
     425
     403
     430
     422
     402
     415
     429
     421
     408
     401
     404
     397
     425
     444
     409
     424
     434
     414
     422
     404
     424
     428
     413
     407
     447
     423
     395
     431
     434
     384
     437
     394
     415
     414
     458
     415
     435
     413
     436
     442
     439
     447
     447
     448
     428
     437
     489
     435
     467
     449
     462
     445
     483
     466
     450
     461
     432
     445
     441
     471
     470
     466
     462
     478
     487
     494
     468
     457
     540
     485
     489
     453
     499
     493
     495
     449
     427
     450
     488
     490
     489
     478
     466
     511
     475
     450
     486
     513
     512
     504
     449
     485
     501
     521
     466
     492
     476
     489
     503
     510
     478
     472
     501
     517
     477
     496
     490
     472
     455
     468
     490
     452
     499
     473
     437
     487
     487
     444
     476
     457
     457
     495
     453
     453
     449
     465
     468
     487
     464
     497
     496
     479
     476
     467
     462
     454
     475
     445
     411
     463
     472
     460
     448
     495
     492
     475
     454
     462
     443
     451
     445
     451
     468
     484
     441
     447
     454
     469
     439
     431
     437
     488
     457
     503
     458
     444
     463
     418
     436
     459
     415
     424
     427
     430
     441
     443
     503
     451
     435
     446
     430
     477
     449
     424
     478
     437
     476
     420
     456
     433
     422
     435
     412
     487
     431
     473
     400
     434
     421
     442
     468
     441
     429
     440
     457
     414
     443
     448
     432
     402
     416
     414
     462
     434
     480
     465
     432
     415
     409
     439
     412
     441
     453
     413
     435
     423
     407
     471
     440
     443
     378
     451
     410
     405
     401
     438
     442
     409
     393
     441
     431
     401
     414
     418
     394
     413
     406
     404
     420
     426
     411
     409
     376
     387
     410
     427
     429
     453
     419
     420
     409
     415
     370
     435
     428
     398
     456
     437
     431
     419
     396
     420
     419
     429
     421
     401
     466
     438
     409
     431
     425
     432
     461
     466
     423
     412
     422
     424
     421
     462
     427
     440
     424
     371
     389
     429
     418
     444
     425
     400
     416
     410
     402
     397
     419
     401
     410
     395
     467
     413
     416
     379
     428
     398
     399
     418
     394
     420
     410
     423
     394
     453
     386
     424
     425
     398
     390
     424
     410
     416
     396
     388
     440
     391
     405
     428
     435
     422
     440
     441
     387
     433
     452
     448
     442
     435
     412
     431
     469
     442
     424
     407
     423
     415
     432
     449
     450
     419
     433
     454
     482
     455
     440
     387
     403
     433
     379
     423
     369
     406
     438
     408
     399
     414
     408
     462
     414
     398
     421
     413
     414
     451
     421
     417
     460
     420
     428
     403
     410
     421
     415
     421
     433
     471
     436
     416
     406
     389
     412
     432
     454
     414
     454
     401
     450
     457
     407
     472
     432
     399
     420
     450
     396
     452
     433
     435
     460
     416
     388
     399
     445
     435
     402
     381
     432
     429
     400
     427
     411
     438
     417
     451
     404
     423
     411
     418
     421
     415
     408
     471
     458
     400
     392
     429
     404
     403
     423
     426
     441
     431
     477
     418
     465
     403
     410
     469
     461
     432
     448
     411
     414
     399
     422
     412
     443
     444
     412
     435
     399
     434
     437
     442
     439
     443
     433
     452
     416
     440
     413
     428
     405
     426
     417
     415
     396
     371
     439
     413
     428
     442
     440
     420
     422
     419
     438
     415
     387
     449
     439
     424
     460
     440
     414
     418
     432
     439
     441
     429
     392
     423
     407
     428
     450
     422
     434
     393
     439
     427
     430
     421
     412
     462
     478
     445
     457
     437
     429
     400
     421
     418
     456
     448
     415
     392
     424
     447
     429
     444
     424
     427
     469
     400
     410
     430
     436
     420
     419
     426
     412
     450
     447
     425
     440
     427
     434
     464
     453
     454
     384
     426
     429
     438
     402
     433
     454
     444
     485
     432
     422
     457
     456
     427
     433
     438
     456
     438
     444
     444
     450
     482
     449
     417
     476
     407
     434
     443
     440
     432
     434
     433
     450
     468
     426
     453
     473
     448
     441
     466
     431
     471
     467
     470
     469
     446
     464
     436
     450
     453
     449
     449
     462
     443
     445
     407
     473
     427
     458
     438
     458
     407
     464
     440
     423
     444
     462
     454
     476
     478
     433
     439
     457
     393
     448
     436
     423
     456
     434
     455
     450
     401
     450
     426
     438
     454
     487
     448
     505
     464
     437
     469
     462
     482
     433
     450
     466
     494
     484
     467
     449
     452
     458
     508
     443
     411
     440
     437
     475
     448
     485
     460
     431
     463
     508
     476
     442
     428
     450
     485
     468
     451
     453
     480
     437
     442
     456
     440
     436
     435
     440
     436
     446
     412
     439
     447
     430
     421
     448
     400
     418
     396
     450
     445
     468
     441
     438
     410
     408
     469
     406
     402
     412
     423
     411
     420
     376
     422
     387
     390
     406
     416
     387
     389
     385
     381
     379
     359
     374
     387
     395
     399
     356
     367
     356
     359
     382
     351
     320
     369
     370
     333
     334
     354
     348
     339
     330
     350
     335
     305
     337
     339
     285
     294
     322
     312
     331
     299
     283
     336
     294
     304
     255
     293
     270
     261
     287
     278
     318
     275
     281
     277
     247
     286
     250
     261
     277
     236
     245
     270
     260
     283
     259
     246
     221
     237
     239
     226
     255
     256
     207
     217
     202
     206
     230
     227
     231
     251
     217
     209
     209
     224
     230
     192
     187
     189
     185
     215
     196
     204
     215
     200
     166
     191
     173
     175
     212
     183
     188
     191
     214
     204
     188
     181
     178
     187
     177
     164
     181
     161
     147
     162
     180
     182
     187
     166
     150
     192
     176
     168
     169
     181
     169
     164
     186
     145
     195
     174
     155
     165
     184
     168
     149
     144
     145
     168
     177
     160
     163
     176
     158
     142
     144
     157
     172
     158
     157
     165
     140
     151
     153
     133
     154
     148
     138
     154
     166
     160
     146
     161
     137
     149
     150
     168
     161
     165
     161
     155
     165
     158
     138
     144
     144
     143
     154
     160
     160
     153
     132
     118
     128
     144
     157
     134
     141
     164
     168
     162
     125
     148
     133
     125
     147
     116
     145
     162
     156
     153
     156
     131
     140
     152
     137
     132
     149
     139
     153
     151
     151
     127
     145
     129
     146
     170
     127
     144
     149
     144
     149
     126
     149
     155
     148
     131
     139
     131
     134
     132
     151
     134
     168
     150
     131
     144
     138
     158
     130
     161
     131
     151
     142
     155
     142
     155
     139
     135
     160
     143
     147
     125
     153
     174
     156
     141
     124
     131
     148
     154
     149
     150
     142
     119
     146
     136
     135
     146
     163
     149
     137
     154
     152
     148
     134
     141
     146
     141
     146
     138
     150
     153
     168
     129
     180
     162
     160
     162
     164
     166
     147
     170
     180
     153
     130
     142
     147
     157
     199
     145
     152
     165
     164
     151
     178
     175
     177
     166
     151
     186
     172
     186
     165
     196
     169
     174
     178
     173
     173
     189
     175
     174
     192
     157
     170
     196
     210
     182
     189
     209
     185
     190
     196
     228
     208
     194
     219
     233
     234
     247
     205
     252
     271
     231
     243
     245
     266
     283
     294
     271
     259
     298
     259
     270
     288
     315
     296
     303
     290
     330
     354
     355
     334
     346
     337
     360
     373
     420
     388
     419
     412
     403
     408
     449
     423
     475
     481
     486
     474
     536
     546
     541
     548
     564
     563
     607
     584
     656
     610
     660
     653
     674
     656
     730
     709
     766
     794
     796
     813
     886
     857
     911
     936
     891
     915
     947
    1007
    1014
     992
    1094
    1156
    1133
    1134
    1157
    1224
    1115
    1244
    1351
    1341
    1306
    1326
    1457
    1459
    1506
    1507
    1481
    1532
    1606
    1637
    1620
    1660
    1682
    1765
    1864
    1832
    1921
    1956
    1933
    1968
    2000
    2054
    2016
    2144
    2147
    2120
    2232
    2293
    2216
    2375
    2441
    2508
    2460
    2557
    2446
    2567
    2532
    2545
    2712
    2639
    2757
    2759
    2837
    2816
    2902
    2923
    2943
    2987
    3006
    3067
    3099
    3134
    3036
    3119
    3238
    3143
    3261
    3261
    3241
    3356
    3328
    3371
    3285
    3298
    3446
    3378
    3423
    3432
    3489
    3416
    3555
    3520
    3501
    3470
    3514
    3487
    3522
    3584
    3574
    3545
    3471
    3468
    3547
    3597
    3589
    3565
    3455
    3415
    3598
    3479
    3442
    3472
    3328
    3428
    3393
    3337
    3366
    3317
    3327
    3283
    3209
    3206
    3171
    3110
    3174
    3185
    3158
    3144
    2976
    3060
    2972
    2981
    2966
    2901
    2763
    2697
    2730
    2643
    2656
    2609
    2598
    2593
    2511
    2482
    2372
    2392
    2311
    2341
    2242
    2214
    2184
    2232
    2131
    2073
    2023
    2010
    1907
    1877
    1940
    1877
    1758
    1784
    1737
    1631
    1618
    1587
    1560
    1496
    1467
    1387
    1399
    1289
    1334
    1375
    1277
    1213
    1150
    1138
    1058
    1068
    1091
    1011
     996
     909
     918
     908
     871
     881
     820
     838
     793
     757
     751
     699
     660
     615
     638
     627
     521
     546
     523
     495
     520
     495
     462
     452
     440
     406
     402
     378
     366
     352
     316
     316
     285
     279
     292
     266
     255
     283
     235
     258
     206
     211
     218
     191
     207
     189
     189
     161
     165
     149
     139
     136
     131
     151
     145
     119
     109
     116
     101
     107
     102
     104
      96
      96
      79
      78
      79
      68
      77
      68
      64
      65
      66
      64
      58
      54
      47
      60
      56
      37
      50
      44
      39
      36
      41
      37
      41
      44
      35
      41
      28
      33
      37
      26
      30
      32
      32
      23
      30
      31
      26
      30
      33
      30
      43
      33
      33
      29
      18
      25
      30
      27
      32
      29
      28
      31
      32
      36
      23
      31
      19
      26
      22
      31
      30
      24
      25
      22
      31
      31
      26
      28
      22
      24
      29
      27
      31
      25
      28
      21
      33
      35
      16
      33
      25
      21
      22
      19
      24
      32
      25
      24
      28
      32
      21
      24
      26
      27
      33
      26
      26
      20
      32
      27
      27
      24
      21
      27
      30
      18
      18
      15
      28
      29
      36
      24
      19
      24
      20
      27
      28
      25
      23
      25
      24
      27
      34
      20
      24
      30
      29
      24
      21
      28
      19
      24
      21
      20
      27
      21
      24
      30
      30
      30
      23
      31
      22
      12
      19
      19
      17
      24
      22
      20
      17
      29
      19
      27
      33
      36
      17
      15
      20
      20
      26
      22
      32
      30
      19
      19
      23
      29
      26
      19
      21
      25
      25
      21
      26
      29
      24
      26
      21
      15
      28
      32
      20
      24
      26
      30
      30
      26
      23
      25
      23
      17
      22
      22
      20
      26
      24
      25
      19
      23
      29
      13
      21
      23
      25
      33
      25
      24
      33
      17
      19
      21
      23
      26
      17
      32
      16
      23
      28
      19
      12
      26
      18
      18
      23
      29
      24
      23
      14
      20
      22
       0
       0
       0
       0
       0
       0
       0
       0
       0
       0
       0
       0
       0
       0
       0
       0
       0
       0
       0
       0
       0
       0
       0
       0
       0
       0
       0
       0
       0
       0
       0
       0
$ROI:
6
67 116
196 256
297 368
871 937
1189 1365
1529 1730
$PRESETS:
None
0
0
$ENER_FIT:
-0.231476 0.346771
$MCA_CAL:
3
-2.314757E-001 3.467707E-001 5.144805E-005 keV
$SHAPE_CAL:
3
1.165611E+001 9.210392E-002 -6.085550E-005
