$SPEC_ID:
No sample description was entered.
$SPEC_REM:
DET# 1
DETDESC# FSGUNIV-O93LS3D Easy-MCA-8k SN 17088661
AP# Maestro Version 7.01
$DATE_MEA:
03/11/2024 09:29:35
$MEAS_TIM:
83 300
$DATA:
0 2047
       0
       0
       0
       0
       0
       0
       0
       0
       0
       0
       0
       0
       0
       0
       0
       0
       0
       0
       0
       0
       0
       0
       0
       0
       0
       0
       0
       0
       0
       0
       0
       0
       0
       0
       0
       0
       0
       0
       0
       0
     248
     317
     324
     317
     338
     338
     338
     327
     324
     311
     331
     327
     331
     343
     381
     323
     348
     321
     374
     338
     268
     313
     339
     361
     326
     352
     307
     358
     339
     327
     341
     335
     344
     371
     336
     318
     369
     343
     351
     357
     352
     324
     362
     347
     335
     342
     338
     377
     351
     350
     335
     330
     346
     336
     380
     351
     374
     294
     357
     350
     372
     343
     378
     365
     345
     379
     371
     361
     348
     367
     383
     357
     364
     352
     365
     379
     355
     344
     353
     373
     353
     353
     373
     409
     385
     328
     397
     364
     347
     375
     394
     385
     373
     399
     340
     365
     374
     364
     352
     338
     353
     388
     380
     332
     359
     366
     382
     385
     365
     375
     355
     375
     363
     353
     423
     369
     365
     409
     358
     362
     362
     378
     371
     399
     340
     347
     375
     365
     357
     343
     384
     384
     366
     371
     396
     380
     403
     415
     406
     393
     367
     359
     384
     401
     359
     389
     398
     401
     384
     403
     394
     395
     402
     400
     363
     408
     366
     429
     430
     411
     401
     432
     420
     421
     407
     409
     399
     415
     448
     408
     395
     400
     417
     385
     432
     441
     417
     439
     424
     435
     399
     426
     450
     422
     451
     427
     405
     390
     418
     397
     419
     403
     435
     393
     409
     421
     363
     380
     391
     412
     414
     403
     395
     404
     412
     421
     430
     370
     357
     395
     411
     378
     439
     413
     370
     393
     403
     366
     436
     394
     377
     392
     374
     390
     360
     410
     386
     417
     368
     394
     391
     416
     372
     416
     388
     369
     390
     385
     387
     406
     392
     405
     408
     399
     421
     398
     419
     380
     431
     460
     378
     412
     368
     389
     404
     393
     394
     379
     421
     407
     402
     365
     403
     403
     417
     416
     381
     370
     409
     397
     363
     385
     424
     386
     362
     415
     399
     391
     380
     367
     407
     429
     415
     399
     376
     430
     409
     404
     446
     377
     391
     415
     439
     383
     403
     376
     441
     393
     397
     423
     430
     385
     403
     409
     403
     396
     391
     427
     395
     383
     397
     465
     408
     404
     419
     390
     401
     412
     397
     404
     392
     379
     383
     403
     381
     421
     403
     412
     386
     380
     396
     433
     445
     425
     417
     414
     384
     417
     400
     410
     454
     405
     398
     411
     406
     401
     435
     438
     405
     390
     396
     403
     421
     415
     420
     414
     410
     439
     425
     421
     433
     441
     417
     454
     430
     385
     463
     435
     411
     418
     405
     412
     392
     417
     395
     442
     445
     414
     424
     420
     438
     440
     389
     385
     425
     427
     436
     437
     401
     420
     418
     454
     465
     449
     440
     453
     452
     426
     441
     453
     460
     444
     454
     460
     444
     438
     433
     468
     414
     450
     453
     478
     452
     450
     486
     448
     485
     454
     454
     467
     446
     459
     468
     500
     467
     491
     501
     494
     461
     436
     456
     510
     494
     492
     489
     506
     449
     481
     485
     488
     519
     496
     474
     523
     510
     521
     467
     507
     495
     531
     478
     512
     521
     529
     491
     520
     510
     541
     536
     543
     508
     487
     526
     459
     467
     514
     523
     530
     521
     514
     562
     513
     513
     530
     514
     518
     511
     550
     507
     515
     514
     480
     521
     479
     513
     528
     501
     508
     495
     539
     490
     519
     439
     500
     527
     475
     498
     530
     511
     501
     524
     513
     572
     468
     511
     489
     510
     485
     476
     474
     435
     505
     444
     471
     510
     419
     513
     520
     482
     506
     502
     511
     484
     471
     529
     474
     458
     487
     499
     519
     479
     464
     500
     516
     479
     466
     502
     458
     469
     452
     469
     496
     497
     490
     462
     487
     452
     480
     448
     480
     425
     439
     464
     455
     426
     510
     431
     515
     465
     439
     497
     460
     491
     448
     465
     439
     469
     464
     475
     396
     442
     450
     490
     439
     494
     490
     475
     453
     406
     439
     415
     455
     493
     452
     424
     477
     459
     471
     470
     470
     459
     453
     436
     466
     487
     436
     435
     427
     460
     411
     475
     418
     425
     458
     430
     422
     455
     472
     414
     459
     438
     443
     456
     417
     494
     424
     454
     437
     481
     451
     445
     423
     417
     430
     470
     456
     447
     411
     432
     470
     397
     459
     468
     459
     434
     399
     422
     443
     388
     424
     438
     433
     451
     449
     411
     418
     423
     435
     422
     452
     451
     466
     438
     438
     458
     459
     430
     422
     420
     475
     441
     441
     451
     456
     455
     455
     447
     429
     391
     468
     460
     424
     470
     420
     477
     458
     437
     475
     446
     427
     429
     404
     408
     430
     445
     430
     434
     422
     396
     447
     439
     376
     459
     433
     444
     436
     450
     432
     468
     415
     422
     449
     440
     480
     420
     431
     407
     466
     440
     406
     413
     438
     434
     418
     403
     444
     436
     431
     450
     441
     458
     464
     395
     432
     415
     416
     410
     495
     458
     421
     393
     432
     431
     461
     433
     459
     421
     454
     409
     439
     453
     383
     458
     414
     442
     436
     422
     458
     417
     431
     412
     413
     440
     452
     437
     455
     436
     431
     433
     433
     485
     444
     449
     455
     408
     483
     449
     443
     453
     452
     431
     443
     457
     433
     427
     422
     441
     410
     443
     478
     417
     483
     401
     406
     421
     434
     476
     434
     457
     458
     415
     471
     443
     457
     446
     421
     451
     471
     420
     436
     440
     487
     460
     476
     447
     393
     434
     432
     450
     424
     442
     461
     438
     439
     431
     483
     434
     435
     450
     450
     469
     428
     457
     435
     457
     443
     422
     463
     453
     428
     414
     449
     446
     427
     458
     434
     447
     433
     447
     431
     460
     408
     497
     468
     453
     445
     428
     440
     430
     440
     442
     453
     475
     438
     423
     429
     436
     482
     457
     474
     442
     453
     440
     443
     453
     438
     453
     419
     452
     422
     411
     431
     448
     434
     457
     431
     426
     444
     424
     467
     458
     456
     435
     410
     450
     435
     451
     462
     453
     442
     437
     444
     391
     422
     431
     419
     442
     432
     467
     419
     465
     439
     454
     473
     415
     424
     473
     461
     409
     469
     479
     424
     461
     449
     464
     455
     445
     452
     465
     460
     445
     449
     457
     442
     422
     487
     459
     415
     465
     456
     416
     486
     475
     454
     472
     487
     447
     465
     465
     414
     440
     448
     472
     437
     465
     469
     479
     494
     479
     447
     463
     436
     467
     456
     455
     469
     451
     459
     453
     461
     500
     481
     473
     466
     472
     451
     434
     435
     465
     461
     456
     475
     484
     489
     445
     479
     485
     462
     482
     512
     500
     472
     460
     496
     477
     483
     491
     466
     493
     454
     469
     443
     479
     451
     463
     477
     446
     479
     438
     504
     486
     436
     444
     452
     496
     442
     425
     513
     468
     474
     446
     490
     490
     509
     467
     497
     475
     535
     517
     483
     466
     463
     466
     466
     448
     485
     480
     478
     492
     438
     498
     464
     457
     496
     470
     486
     478
     462
     463
     474
     480
     440
     453
     473
     474
     492
     449
     448
     477
     497
     471
     479
     465
     459
     451
     481
     448
     504
     482
     452
     492
     432
     455
     444
     446
     517
     459
     454
     477
     471
     460
     432
     454
     421
     421
     405
     425
     423
     433
     441
     422
     425
     408
     412
     454
     415
     419
     416
     411
     450
     417
     401
     406
     409
     401
     432
     396
     397
     382
     421
     389
     385
     415
     369
     402
     376
     374
     414
     390
     331
     367
     365
     376
     315
     392
     304
     352
     367
     354
     337
     310
     337
     294
     340
     307
     297
     296
     322
     320
     330
     279
     304
     274
     313
     287
     295
     301
     295
     261
     289
     287
     327
     284
     298
     271
     270
     257
     278
     264
     237
     254
     298
     273
     250
     269
     243
     238
     211
     256
     233
     226
     240
     241
     239
     222
     232
     235
     223
     221
     214
     232
     213
     208
     242
     229
     199
     195
     185
     218
     217
     216
     185
     200
     199
     227
     177
     214
     165
     211
     196
     171
     188
     209
     182
     177
     195
     198
     165
     190
     186
     171
     194
     167
     194
     180
     173
     197
     177
     191
     165
     156
     184
     168
     166
     165
     183
     150
     178
     172
     159
     194
     164
     163
     148
     164
     147
     160
     191
     148
     193
     173
     173
     169
     175
     153
     127
     162
     173
     179
     169
     174
     156
     171
     159
     153
     152
     151
     143
     162
     151
     152
     153
     176
     173
     144
     164
     154
     173
     143
     148
     161
     161
     147
     162
     147
     143
     137
     162
     146
     161
     152
     128
     147
     136
     165
     159
     134
     156
     138
     143
     158
     145
     138
     157
     146
     166
     150
     149
     178
     118
     137
     168
     153
     153
     146
     146
     140
     153
     137
     143
     164
     155
     144
     132
     148
     149
     148
     162
     147
     137
     156
     152
     149
     158
     152
     157
     141
     162
     151
     152
     149
     143
     137
     177
     142
     162
     145
     165
     162
     144
     150
     154
     146
     155
     155
     135
     157
     147
     136
     163
     152
     155
     166
     136
     141
     173
     147
     160
     151
     134
     133
     158
     141
     157
     140
     181
     140
     167
     164
     139
     137
     185
     166
     134
     165
     140
     186
     166
     152
     164
     182
     171
     171
     150
     164
     182
     160
     174
     180
     177
     165
     165
     169
     142
     153
     178
     165
     157
     175
     188
     165
     184
     185
     162
     156
     163
     210
     199
     177
     177
     199
     185
     210
     184
     213
     212
     183
     207
     186
     219
     209
     199
     224
     223
     200
     242
     210
     199
     236
     233
     211
     230
     226
     223
     250
     266
     229
     250
     291
     272
     280
     268
     263
     252
     273
     290
     292
     348
     320
     297
     323
     315
     340
     357
     324
     347
     352
     327
     392
     397
     426
     408
     406
     404
     409
     431
     477
     478
     477
     521
     474
     523
     504
     576
     543
     608
     589
     654
     615
     659
     652
     672
     693
     675
     660
     744
     720
     755
     739
     814
     748
     897
     887
     921
     882
     932
     905
     987
     928
    1023
    1042
    1108
    1029
    1072
    1147
    1133
    1158
    1225
    1310
    1261
    1313
    1264
    1350
    1386
    1440
    1443
    1468
    1596
    1546
    1656
    1629
    1640
    1629
    1775
    1739
    1809
    1805
    1853
    1890
    1895
    2059
    2023
    2079
    2032
    2055
    2113
    2252
    2178
    2268
    2230
    2325
    2415
    2402
    2478
    2438
    2549
    2503
    2546
    2637
    2597
    2677
    2662
    2911
    2874
    2854
    2907
    2913
    2905
    2830
    2979
    2999
    3088
    3125
    3047
    3182
    3184
    3337
    3292
    3256
    3236
    3353
    3348
    3254
    3447
    3405
    3509
    3364
    3588
    3471
    3525
    3462
    3566
    3670
    3565
    3646
    3697
    3605
    3616
    3628
    3540
    3592
    3674
    3523
    3613
    3770
    3677
    3654
    3620
    3570
    3533
    3627
    3580
    3583
    3552
    3577
    3608
    3457
    3445
    3454
    3464
    3486
    3478
    3402
    3397
    3285
    3329
    3410
    3292
    3222
    3227
    3139
    3076
    3145
    3089
    3010
    3036
    3012
    3007
    2888
    2820
    2924
    2806
    2774
    2749
    2643
    2583
    2552
    2522
    2578
    2445
    2382
    2404
    2384
    2315
    2266
    2245
    2202
    2174
    2111
    2097
    1896
    1972
    1928
    1882
    1924
    1759
    1760
    1686
    1696
    1550
    1600
    1521
    1502
    1504
    1487
    1403
    1430
    1293
    1303
    1319
    1232
    1202
    1192
    1104
    1168
    1073
    1033
     959
     976
     937
     876
     865
     840
     849
     770
     771
     739
     732
     688
     658
     670
     611
     629
     633
     537
     591
     526
     502
     505
     472
     447
     409
     428
     409
     399
     362
     374
     345
     314
     331
     285
     276
     282
     278
     243
     234
     247
     240
     234
     195
     225
     194
     187
     161
     172
     152
     182
     128
     151
     123
     152
     123
     121
     117
      98
     112
     120
     115
     106
     110
      89
      78
     104
     107
      89
      87
      72
      74
      68
      68
      54
      66
      69
      51
      53
      52
      55
      62
      62
      51
      54
      55
      53
      55
      42
      31
      57
      48
      42
      52
      44
      41
      39
      46
      45
      33
      37
      34
      57
      28
      36
      39
      39
      28
      45
      46
      47
      38
      33
      41
      42
      32
      40
      35
      26
      22
      34
      44
      29
      34
      37
      30
      39
      43
      29
      43
      27
      27
      31
      32
      35
      35
      28
      34
      34
      44
      29
      33
      32
      24
      36
      34
      44
      30
      24
      29
      36
      29
      36
      31
      25
      29
      29
      28
      33
      34
      27
      26
      38
      39
      31
      38
      18
      22
      31
      36
      38
      32
      28
      26
      38
      30
      22
      30
      33
      23
      33
      28
      37
      40
      33
      35
      21
      26
      24
      37
      27
      35
      30
      43
      29
      27
      48
      30
      26
      24
      31
      29
      33
      27
      21
      25
      31
      27
      35
      28
      33
      39
      33
      24
      35
      37
      36
      32
      25
      29
      34
      37
      30
      37
      33
      43
      33
      29
      32
      35
      35
      33
      36
      33
      27
      35
      31
      25
      33
      37
      34
      41
      28
      30
      30
      41
      35
      39
      29
      28
      33
      35
      33
      27
      34
      33
      46
      23
      34
      31
      17
      34
      34
      30
      31
      22
      24
      29
      35
      18
      31
      26
      33
      25
      35
      37
      29
      33
      29
      35
      30
      26
      27
      27
      22
      36
      36
      30
      29
      29
      36
      35
      26
      28
      46
      24
      42
      26
      30
      29
      28
      28
      23
      33
      36
      31
      29
      32
      30
      20
       0
       0
       0
       0
       0
       0
       0
       0
       0
       0
       0
       0
       0
       0
       0
       0
       0
       0
       0
       0
       0
       0
       0
       0
       0
       0
       0
       0
       0
       0
       0
       0
$ROI:
6
67 116
196 256
297 368
871 937
1189 1365
1529 1730
$PRESETS:
None
0
0
$ENER_FIT:
-0.231476 0.346771
$MCA_CAL:
3
-2.314757E-001 3.467707E-001 5.144805E-005 keV
$SHAPE_CAL:
3
1.165611E+001 9.210392E-002 -6.085550E-005
