$SPEC_ID:
No sample description was entered.
$SPEC_REM:
DET# 2
DETDESC# FSGUNIV-O93LS3D Easy-MCA-8k SN 23293927
AP# Maestro Version 7.01
$DATE_MEA:
03/18/2024 09:54:13
$MEAS_TIM:
186 187
$DATA:
0 8191
       0
       0
       0
       0
       0
       0
       0
       0
       1
       0
       1
       0
       1
       2
       1
       2
       4
       1
       1
       1
       1
       4
       0
       3
       2
       2
       5
       2
       5
       7
       5
       6
       2
       4
       3
       3
       4
       5
       5
       7
       1
       6
       1
       5
       4
       4
       2
       8
       2
       4
       6
       7
       5
       7
       3
       7
       9
       3
       3
       2
       5
       4
       1
       5
       7
       4
       3
       3
       8
       2
       2
       3
       3
       6
       1
       1
       0
       2
       2
       2
       1
       0
       2
       2
       3
       2
       0
       5
       1
       5
       3
       5
       3
       2
       2
       3
       6
       3
       2
       1
       1
       3
       3
       3
       4
       3
       3
       3
       5
       2
       1
       3
       3
       0
       1
       3
       2
       4
       2
       4
       1
       4
       0
       1
       0
       1
       2
       4
       0
       2
       1
       3
       1
       0
       0
       6
       3
       3
       3
       3
       3
       0
       2
       4
       3
       3
       4
       3
       2
       4
       4
       6
       4
       3
       4
       2
       2
       2
       1
       4
       5
       5
       4
       4
       5
       6
       4
       0
       3
       3
       3
       3
       4
       3
       1
       5
       2
       1
       6
       1
       6
       3
       3
       2
       0
       3
       2
       5
       0
       3
       7
       4
       1
       4
       4
       3
       4
       2
       4
       9
       5
       3
       2
       3
       2
       2
       1
       6
       3
       2
       4
       1
       7
       6
       3
       2
       3
       1
       5
       5
       9
       3
       5
       7
       3
       4
       0
       1
       8
       3
       1
       3
       4
       3
       3
       2
       3
       5
       2
       5
       2
       3
       3
       4
       4
       4
       5
       4
       2
       4
       2
       4
       3
       4
       6
       4
       3
       3
       6
       6
       3
       1
       5
       3
       3
       2
       0
       4
       4
       2
       3
       3
       4
       2
       5
       3
       2
       5
       4
       3
       1
       3
       4
       1
       4
       6
       3
       7
       7
       3
       4
       2
       9
       4
       7
       5
       3
       4
       1
       7
       3
       5
       8
       2
       1
       2
       2
       5
       6
       2
       5
       3
       1
       1
       3
       7
       5
       5
       2
       2
       6
       5
       5
       7
       3
       4
       4
       3
       2
       2
       9
       9
       2
       3
       8
       3
       3
       4
       2
       3
       4
      10
       5
       4
       4
       2
       4
       8
       3
       7
       2
       7
       4
       5
       1
       6
       2
       3
       4
       7
       2
       7
       1
       2
       4
       7
       7
       7
       4
       2
       5
       4
       3
       4
       6
       4
       2
       6
       3
       2
       9
       4
       4
       6
       5
       3
       4
       1
       2
       1
       7
       4
       2
       3
       4
       3
       4
       6
       3
       7
       4
       1
       7
       4
       4
       6
       6
       8
       2
       2
       5
       4
       2
       5
       2
       3
       5
       6
       3
       2
       3
       1
       6
       5
       2
       3
       3
       4
       4
       2
       1
       2
       3
       9
       4
       0
       9
       6
       0
       1
       8
       5
       6
       8
       4
       6
       4
      10
       5
       4
       3
       3
       4
       3
       3
       5
       7
       3
       2
       7
       7
       5
       2
       4
       6
       3
       7
       9
       5
       5
       3
       3
       7
       2
       5
       3
       2
       6
       3
       3
       3
       3
       1
       3
       8
       1
       5
       2
       4
       4
       6
       2
       7
       3
       5
       5
       5
       9
       6
       2
       3
       5
       6
       5
      10
       4
       4
       6
       5
       6
       6
       7
       4
       7
       3
       7
       3
       1
       5
       4
       5
       3
       6
       4
       3
       3
       2
       9
       4
       2
       4
       7
       2
       5
       6
       3
       6
       6
       5
       3
       9
       2
       4
       5
       8
       3
       4
       4
       9
       5
       7
       4
       5
       3
       4
       3
       6
       4
       2
       3
      10
       4
       6
       7
       8
       9
       5
       8
       5
       7
       2
      10
       7
       5
       3
       8
       2
       7
       5
       4
       3
       5
       4
       4
       4
       5
       6
       9
       7
       5
       5
       9
       4
       5
       2
       7
       6
       4
       1
       4
       3
       4
       6
       8
      10
       6
       3
       6
      10
       5
       5
       6
      11
       6
       4
       7
       5
       7
       8
       3
       7
       4
       8
       4
       6
       9
       4
       5
       7
      12
       5
       3
       5
       5
       5
       2
       8
       3
       7
       8
       6
       9
       6
       7
       4
       7
      10
      11
      10
       8
       9
      10
       6
       7
       9
       4
      11
      12
       5
       9
       5
       6
      12
       6
       7
       8
      12
       7
       3
      14
      10
       6
       6
      10
       4
      10
       8
      11
       6
       9
      10
       7
      12
      11
       3
      12
       8
      13
      14
      10
       8
      15
       8
       9
       8
      16
       4
       4
       8
       9
       9
      13
      14
       6
       8
       5
      15
       9
      12
      12
      12
      12
      10
      10
      13
      12
      13
      13
       7
      11
       7
      13
       8
       7
      12
      11
       8
       9
       9
       4
       9
      10
      14
      15
      11
       6
      16
       9
       9
       8
      16
      13
      14
      14
      14
      15
      12
      12
       7
      10
      12
      13
      10
      14
      13
       9
      15
      15
      14
       9
      16
      15
      13
      14
      16
      15
       8
      16
      19
      14
      13
      23
      10
      14
       7
      10
      10
       7
      12
      11
       6
      12
      20
      19
      15
      11
      10
      14
      10
      18
      12
      16
       6
      12
      14
      13
      13
      19
      15
      17
      11
      14
      18
      15
      13
      15
      17
       9
       9
      15
      10
      15
      13
      16
      16
      17
      13
      13
      20
      13
      18
      22
      12
      21
      24
      20
      16
      14
       6
      17
      20
      21
      24
      18
      10
      18
      14
      11
       8
      19
      12
      15
      24
      16
      20
      17
      23
      20
      19
      21
      22
      23
      16
      13
      18
      17
      18
      17
      24
      17
      17
      21
      14
      18
      14
      25
      25
      22
      19
      23
      19
      21
      21
      23
      17
      27
      17
      20
      15
      20
      19
      17
      19
      24
      21
      13
      22
      19
      13
      26
      27
      23
      18
      22
      26
      16
      25
      23
      28
      25
      21
      25
      13
      23
      32
      22
      24
      32
      17
      30
      24
      38
      16
      25
      28
      30
      21
      31
      15
      19
      24
      30
      21
      27
      27
      26
      22
      32
      32
      19
      28
      24
      25
      31
      31
      17
      17
      18
      32
      22
      29
      23
      20
      24
      26
      28
      29
      29
      29
      28
      20
      28
      18
      25
      24
      31
      32
      35
      28
      37
      25
      23
      38
      33
      34
      27
      37
      37
      29
      34
      24
      30
      25
      41
      40
      31
      32
      25
      38
      25
      32
      30
      28
      22
      35
      36
      45
      36
      26
      31
      36
      39
      31
      25
      18
      36
      36
      45
      38
      34
      36
      23
      38
      38
      37
      39
      41
      35
      36
      48
      32
      31
      37
      28
      37
      31
      36
      32
      30
      40
      33
      31
      41
      34
      39
      33
      42
      31
      33
      36
      45
      22
      37
      25
      34
      40
      35
      42
      29
      30
      41
      45
      18
      28
      39
      26
      40
      23
      31
      42
      42
      30
      39
      40
      41
      35
      28
      35
      40
      28
      32
      23
      31
      41
      47
      53
      38
      27
      38
      41
      36
      37
      27
      38
      40
      34
      33
      37
      46
      41
      40
      47
      35
      33
      32
      36
      34
      30
      31
      31
      39
      22
      34
      39
      28
      38
      32
      38
      28
      36
      47
      28
      27
      21
      33
      35
      38
      33
      34
      36
      32
      27
      37
      41
      38
      30
      39
      32
      22
      40
      29
      22
      41
      27
      28
      34
      37
      41
      29
      32
      26
      36
      42
      35
      33
      33
      31
      33
      32
      39
      42
      38
      14
      43
      41
      33
      27
      32
      31
      37
      31
      28
      29
      36
      43
      41
      39
      37
      34
      33
      33
      34
      45
      25
      34
      33
      38
      49
      38
      40
      38
      37
      37
      34
      41
      49
      47
      38
      46
      46
      35
      44
      40
      52
      45
      34
      39
      46
      41
      53
      47
      51
      46
      48
      51
      45
      49
      49
      39
      38
      39
      51
      56
      44
      47
      46
      30
      52
      55
      63
      58
      59
      37
      40
      52
      50
      40
      44
      40
      66
      44
      70
      65
      51
      60
      70
      59
      59
      55
      74
      66
      66
      58
      65
      68
      50
      69
      55
      57
      61
      71
      76
      74
      73
      54
      67
      64
      80
      68
      78
      78
      60
      79
      73
      70
      77
      85
      74
      77
      70
      79
      91
      74
      92
      86
      91
     103
     102
      77
      90
     101
      84
      80
     106
     112
     101
      89
      95
      94
     113
     103
     103
      99
     105
     100
     103
     127
      87
     113
     109
     112
     105
     110
     117
     115
     110
     104
     115
     129
     129
     113
     104
     128
     161
     129
     124
     107
     141
     115
     130
     132
     120
     144
     116
     140
     147
     148
     144
     143
     154
     136
     159
     127
     141
     176
     157
     139
     129
     163
     155
     165
     180
     152
     163
     156
     148
     165
     140
     149
     151
     166
     163
     180
     167
     192
     178
     149
     181
     200
     153
     146
     154
     175
     167
     175
     134
     185
     177
     165
     175
     153
     182
     143
     160
     185
     165
     198
     183
     191
     191
     186
     184
     168
     181
     176
     182
     162
     190
     174
     170
     174
     172
     173
     209
     183
     223
     174
     170
     163
     169
     184
     202
     164
     202
     178
     170
     166
     164
     196
     182
     167
     189
     185
     184
     168
     177
     185
     187
     162
     176
     154
     156
     175
     197
     182
     166
     191
     159
     193
     168
     174
     160
     167
     149
     172
     154
     144
     172
     181
     165
     149
     160
     137
     161
     159
     195
     174
     158
     153
     134
     149
     147
     161
     177
     154
     150
     171
     139
     142
     139
     128
     152
     151
     128
     137
     149
     147
     145
     136
     138
     132
     139
     138
     143
     146
     131
     109
     129
     121
     132
     139
     137
     126
     117
     123
     109
     125
     122
     116
     108
     120
     114
     107
     110
     133
     101
     122
     129
      92
      99
     109
     109
     115
     102
     118
     113
      88
      97
     103
      98
      95
     108
     104
      84
      95
     110
     106
      82
      93
      98
      91
      89
      88
      82
     100
      87
      71
      81
      89
      84
      80
      75
      83
      66
      54
      74
      82
      71
      89
      87
      73
      65
      73
      57
      68
      63
      70
      66
      72
      54
      52
      63
      66
      50
      65
      62
      51
      63
      61
      52
      53
      59
      48
      53
      57
      54
      58
      44
      52
      49
      45
      49
      49
      49
      42
      51
      58
      42
      40
      44
      50
      49
      36
      42
      35
      38
      39
      52
      38
      39
      36
      41
      32
      29
      43
      35
      35
      45
      37
      36
      38
      35
      39
      26
      37
      34
      35
      30
      30
      31
      34
      32
      26
      26
      38
      21
      33
      27
      25
      27
      23
      23
      23
      30
      20
      20
      21
      25
      20
      26
      21
      25
      20
      16
      21
      17
      23
      21
      28
      23
      21
      26
      21
      18
      19
      18
      22
      22
      19
      18
      20
      20
      18
      16
      22
      22
      13
      21
      18
      14
      22
      19
      17
      23
      23
      13
      23
      14
      13
      10
      13
      19
      13
      10
      15
      10
      13
      13
      19
      12
      16
       7
       6
       7
      10
      14
      17
       7
      14
       8
      14
      10
      14
      10
      10
      11
      13
       9
      13
       6
      15
       9
       9
      11
       8
      15
       9
       8
       6
       9
       5
       8
       9
       6
      11
       8
       8
       5
       7
       4
       6
      10
       9
       9
       5
      15
       4
       4
       9
      10
      10
       7
      11
      10
       5
       8
       5
       3
      11
       4
       7
       9
      13
       7
       4
       7
       6
       4
       4
       6
       4
       7
       4
       4
       4
       5
       9
       7
       4
       6
       4
      10
       4
       5
       3
       4
       5
       4
       6
       6
       2
       7
       2
       5
       3
       4
       2
       6
       5
       7
       5
       7
       2
       4
      10
       6
       6
       2
       8
       6
       1
       7
       2
       2
       4
       5
       3
       4
       4
       2
       2
       7
       5
       3
       4
       2
       3
       3
       6
       4
       2
       3
       2
       2
       1
       5
       8
       2
       2
       2
       3
       4
       6
       0
       3
       2
       2
       5
       4
       4
       0
       4
       2
       1
       3
       4
       1
       4
       3
       1
       9
       4
       2
       1
       2
       7
       0
       1
       6
       0
       3
       3
       0
       1
       5
       2
       4
       5
       1
       1
       1
       3
       4
       6
       1
       6
       1
       3
       6
       2
       0
       3
       3
       1
       2
       1
       2
       2
       2
       2
       3
       4
       4
       2
       2
       2
       1
       4
       5
       4
       2
       1
       2
       5
       3
       8
       1
       3
       1
       5
       1
       1
       0
       3
       0
       4
       2
       5
       4
       1
       3
       3
       2
       3
       3
       4
       4
       2
       4
       4
       2
       4
       5
       3
       2
       2
       4
       2
       1
       2
       4
       0
       2
       3
       5
       1
       2
       2
       5
       4
       4
       1
       4
       2
       1
       3
       6
       1
       1
       2
       2
       1
       3
       2
       6
       2
       3
       3
       6
       2
       4
       4
       2
       4
       3
       2
       5
       3
       0
       3
       3
       2
       1
       2
       1
       1
       2
       3
       1
       1
       3
       1
       4
       2
       3
       3
       0
       8
       1
       1
       1
       2
       4
       6
       3
       2
       1
       2
       0
       0
       3
       2
       0
       1
       2
       3
       2
       3
       4
       2
       0
       5
       3
       1
       1
       6
       5
       3
       3
       4
       2
       3
       2
       1
       3
       7
       1
       3
       1
       2
       4
       1
       1
       3
       2
       4
       6
       2
       4
       4
       1
       1
       2
       0
       1
       3
       0
       1
       1
       2
       3
       4
       6
       3
       3
       2
       4
       1
       3
       5
       4
       1
       2
       1
       2
       0
       2
       3
       3
       3
       4
       1
       2
       3
       1
       4
       3
       1
       2
       1
       3
       3
       2
       1
       3
       2
       5
       1
       2
       3
       0
       2
       2
       1
       1
       2
       3
       2
       4
       2
       3
       1
       1
       1
       2
       5
       4
       3
       2
       0
       1
       0
       2
       5
       2
       1
       2
       1
       2
       2
       1
       1
       4
       3
       3
       2
       1
       3
       4
       1
       1
       1
       3
       3
       1
       2
       2
       1
       2
       0
       2
       2
       3
       4
       1
       1
       3
       2
       1
       1
       1
       2
       6
       3
       1
       1
       2
       1
       4
       3
       4
       2
       5
       0
       2
       2
       1
       2
       3
       2
       1
       0
       0
       1
       2
       3
       5
       1
       4
       4
       5
       4
       2
       3
       4
       0
       1
       0
       5
       1
       3
       6
       3
       0
       2
       3
       2
       1
       1
       2
       1
       5
       0
       2
       2
       1
       0
       3
       7
       2
       0
       2
       3
       5
       1
       2
       4
       3
       4
       2
       2
       1
       3
       1
       2
       2
       0
       3
       3
       2
       1
       0
       2
       0
       2
       1
       2
       1
       6
       2
       1
       3
       3
       4
       3
       4
       3
       1
       4
       1
       0
       1
       5
       1
       2
       2
       1
       2
       1
       0
       3
       2
       2
       3
       4
       0
       1
       1
       3
       1
       3
       6
       2
       4
       1
       2
       4
       2
       0
       2
       1
       1
       4
       3
       3
       2
       3
       5
       3
       5
       3
       0
       2
       3
       2
       4
       3
       2
       2
       2
       1
       1
       1
       1
       1
       1
       2
       1
       2
       0
       2
       2
       1
       3
       2
       1
       1
       2
       1
       3
       1
       2
       0
       3
       5
       1
       1
       2
       1
       2
       3
       1
       2
       1
       0
       0
       3
       5
       0
       0
       3
       5
       2
       2
       2
       4
       0
       1
       1
       4
       0
       2
       1
       0
       1
       2
       2
       1
       4
       1
       3
       3
       2
       0
       1
       2
       2
       2
       1
       3
       3
       3
       4
       0
       0
       3
       1
       1
       2
       4
       1
       1
       3
       4
       3
       5
       1
       1
       2
       1
       3
       0
       0
       3
       2
       1
       3
       3
       4
       0
       1
       3
       4
       4
       3
       2
       1
       2
       5
       0
       5
       4
       0
       1
       2
       3
       5
       1
       1
       4
       2
       1
       0
       2
       1
       1
       0
       3
       0
       2
       2
       3
       4
       2
       2
       4
       1
       3
       2
       0
       2
       1
       2
       0
       2
       2
       0
       1
       6
       1
       1
       1
       1
       1
       1
       1
       3
       1
       0
       1
       0
       0
       2
       1
       5
       3
       1
       1
       0
       0
       4
       0
       0
       2
       2
       3
       1
       2
       1
       3
       1
       2
       1
       2
       0
       2
       1
       3
       3
       3
       2
       3
       3
       1
       3
       3
       1
       3
       1
       2
       1
       3
       2
       4
       3
       1
       0
       2
       0
       3
       2
       2
       2
       0
       1
       2
       1
       3
       1
       2
       1
       1
       2
       0
       3
       1
       0
       4
       1
       2
       0
       1
       5
       1
       1
       0
       3
       0
       3
       1
       2
       1
       0
       0
       0
       1
       4
       0
       3
       3
       3
       1
       1
       1
       1
       1
       0
       2
       0
       2
       1
       2
       1
       3
       0
       2
       1
       5
       2
       0
       2
       1
       1
       3
       4
       1
       4
       0
       1
       4
       2
       0
       0
       3
       2
       1
       1
       3
       1
       3
       0
       1
       2
       0
       2
       4
       1
       1
       1
       1
       1
       1
       1
       0
       3
       4
       0
       0
       1
       3
       2
       1
       2
       2
       1
       2
       3
       2
       3
       0
       3
       0
       2
       2
       1
       1
       1
       3
       0
       2
       2
       3
       1
       2
       1
       1
       0
       0
       0
       3
       0
       1
       1
       1
       1
       1
       2
       1
       0
       0
       2
       0
       4
       1
       0
       2
       3
       0
       1
       0
       1
       1
       3
       0
       3
       2
       2
       2
       0
       2
       1
       1
       1
       2
       3
       3
       0
       3
       1
       1
       1
       2
       1
       5
       2
       1
       2
       0
       1
       1
       3
       0
       2
       0
       0
       2
       2
       0
       3
       1
       2
       0
       1
       3
       0
       2
       2
       2
       2
       0
       1
       1
       0
       4
       0
       2
       1
       2
       3
       1
       2
       0
       0
       3
       2
       1
       3
       1
       2
       1
       1
       1
       0
       2
       0
       1
       1
       2
       4
       1
       1
       0
       0
       3
       3
       0
       0
       1
       0
       1
       2
       1
       0
       1
       0
       1
       1
       2
       0
       1
       0
       1
       1
       2
       1
       0
       1
       0
       1
       0
       1
       2
       2
       1
       1
       0
       0
       0
       2
       2
       2
       2
       0
       1
       3
       3
       3
       3
       3
       1
       4
       4
       2
       0
       1
       1
       2
       0
       1
       3
       1
       1
       1
       0
       2
       0
       1
       1
       0
       0
       5
       2
       2
       1
       0
       1
       2
       4
       1
       1
       0
       2
       2
       2
       2
       3
       1
       0
       2
       0
       2
       2
       1
       1
       1
       4
       2
       1
       2
       0
       0
       3
       1
       0
       3
       2
       1
       0
       1
       1
       2
       2
       3
       1
       2
       2
       1
       0
       1
       0
       2
       3
       0
       0
       0
       0
       2
       0
       3
       1
       3
       1
       1
       2
       0
       0
       2
       3
       2
       1
       1
       1
       1
       1
       1
       1
       2
       1
       0
       1
       3
       2
       2
       1
       1
       2
       2
       1
       0
       2
       1
       2
       1
       1
       1
       1
       0
       3
       3
       1
       1
       1
       0
       0
       0
       0
       1
       2
       1
       1
       1
       0
       3
       2
       1
       1
       4
       1
       1
       0
       2
       0
       1
       1
       0
       0
       1
       0
       3
       2
       3
       1
       1
       0
       1
       0
       1
       0
       4
       3
       0
       3
       3
       1
       1
       0
       0
       1
       3
       0
       2
       1
       0
       0
       1
       5
       2
       0
       1
       1
       2
       0
       0
       1
       1
       0
       1
       1
       0
       1
       1
       4
       0
       0
       0
       0
       2
       1
       0
       0
       0
       0
       2
       2
       0
       0
       2
       2
       0
       1
       0
       2
       2
       2
       0
       1
       0
       1
       0
       2
       2
       2
       2
       1
       1
       0
       0
       1
       3
       0
       1
       1
       0
       0
       2
       0
       5
       2
       0
       0
       1
       1
       0
       1
       0
       1
       0
       1
       1
       0
       1
       0
       1
       1
       3
       0
       0
       0
       1
       0
       0
       1
       2
       0
       0
       0
       1
       0
       0
       0
       2
       0
       0
       0
       1
       0
       0
       2
       2
       2
       3
       1
       1
       2
       0
       0
       1
       0
       0
       2
       1
       0
       0
       3
       0
       0
       2
       0
       2
       0
       0
       2
       0
       2
       0
       1
       0
       1
       1
       1
       1
       1
       0
       0
       1
       2
       3
       0
       1
       0
       0
       0
       1
       0
       2
       1
       1
       0
       0
       1
       2
       0
       1
       1
       1
       0
       1
       2
       1
       1
       1
       0
       0
       1
       2
       0
       1
       1
       1
       1
       1
       1
       1
       0
       0
       1
       0
       3
       0
       0
       1
       1
       0
       0
       0
       3
       2
       1
       0
       1
       1
       0
       0
       0
       0
       1
       1
       1
       1
       1
       1
       2
       0
       1
       0
       1
       2
       2
       0
       0
       1
       3
       2
       0
       4
       1
       1
       0
       0
       1
       0
       1
       2
       0
       1
       0
       0
       0
       1
       3
       2
       0
       0
       0
       0
       1
       2
       3
       0
       0
       2
       1
       1
       1
       2
       0
       4
       0
       1
       1
       1
       0
       0
       0
       1
       0
       1
       2
       0
       1
       0
       0
       0
       0
       1
       0
       0
       0
       0
       0
       0
       2
       0
       2
       0
       0
       1
       1
       1
       1
       3
       0
       1
       2
       0
       0
       0
       0
       1
       1
       1
       0
       0
       0
       1
       1
       1
       0
       0
       1
       0
       1
       0
       1
       3
       2
       0
       3
       3
       1
       0
       0
       1
       1
       0
       0
       0
       1
       0
       1
       2
       2
       1
       1
       1
       1
       1
       0
       2
       1
       0
       0
       0
       0
       2
       0
       1
       1
       0
       0
       1
       2
       0
       1
       0
       1
       3
       1
       2
       0
       2
       0
       0
       1
       2
       1
       2
       1
       0
       2
       2
       0
       0
       0
       0
       1
       0
       2
       1
       1
       0
       0
       0
       1
       3
       0
       1
       0
       0
       0
       2
       0
       3
       0
       0
       0
       1
       1
       0
       0
       1
       1
       0
       1
       0
       0
       0
       0
       2
       3
       1
       0
       1
       1
       1
       1
       1
       0
       0
       1
       1
       0
       1
       2
       0
       1
       1
       1
       0
       0
       2
       0
       1
       0
       0
       1
       1
       2
       0
       0
       0
       1
       0
       1
       0
       0
       1
       1
       2
       0
       0
       0
       0
       0
       1
       1
       0
       2
       0
       1
       0
       0
       1
       0
       0
       0
       1
       0
       0
       0
       0
       2
       2
       1
       0
       0
       0
       0
       1
       1
       0
       1
       1
       1
       2
       2
       1
       0
       1
       0
       1
       0
       0
       1
       0
       1
       1
       0
       1
       2
       0
       1
       1
       0
       2
       1
       1
       0
       0
       2
       1
       0
       3
       1
       2
       0
       0
       0
       1
       2
       0
       2
       1
       0
       1
       1
       1
       0
       1
       0
       0
       2
       0
       1
       1
       2
       1
       0
       0
       1
       1
       2
       0
       0
       0
       1
       0
       1
       3
       0
       1
       0
       2
       0
       0
       1
       0
       1
       1
       2
       0
       0
       0
       0
       0
       0
       1
       1
       0
       2
       1
       3
       1
       3
       0
       0
       0
       1
       0
       2
       3
       0
       0
       0
       0
       2
       1
       0
       0
       1
       0
       0
       2
       0
       0
       1
       1
       1
       1
       1
       0
       1
       0
       0
       0
       1
       0
       1
       2
       0
       0
       0
       1
       2
       2
       0
       0
       2
       0
       2
       0
       0
       2
       1
       1
       0
       0
       0
       0
       0
       0
       2
       1
       2
       0
       1
       0
       0
       2
       0
       0
       0
       1
       0
       2
       1
       1
       2
       1
       0
       2
       1
       0
       1
       0
       0
       0
       0
       0
       0
       1
       1
       0
       2
       1
       0
       1
       0
       0
       1
       1
       0
       0
       0
       0
       0
       0
       1
       0
       3
       1
       0
       0
       0
       1
       1
       0
       0
       1
       0
       0
       0
       0
       0
       0
       0
       1
       0
       0
       2
       0
       0
       0
       0
       2
       0
       0
       0
       0
       0
       0
       0
       1
       2
       0
       0
       0
       0
       0
       0
       0
       1
       0
       0
       0
       0
       0
       0
       0
       0
       1
       1
       0
       0
       1
       0
       0
       1
       1
       1
       1
       0
       1
       0
       0
       2
       0
       0
       0
       0
       0
       0
       0
       0
       1
       1
       0
       1
       1
       1
       0
       2
       0
       0
       2
       0
       0
       0
       1
       0
       1
       1
       0
       1
       0
       1
       1
       0
       0
       1
       0
       1
       1
       1
       0
       0
       0
       2
       0
       0
       2
       1
       2
       1
       1
       0
       2
       0
       0
       2
       1
       1
       1
       0
       0
       1
       1
       1
       0
       0
       0
       1
       2
       0
       3
       0
       0
       2
       0
       0
       1
       1
       0
       0
       1
       0
       0
       0
       0
       0
       1
       0
       0
       0
       0
       1
       1
       0
       1
       3
       1
       1
       2
       0
       0
       1
       1
       0
       1
       0
       1
       0
       2
       1
       0
       0
       0
       0
       2
       1
       0
       1
       1
       0
       0
       0
       0
       0
       0
       0
       2
       1
       0
       0
       1
       0
       2
       0
       1
       0
       3
       0
       0
       1
       0
       0
       0
       1
       2
       1
       1
       0
       0
       1
       1
       0
       1
       0
       0
       1
       0
       0
       0
       0
       0
       0
       0
       0
       0
       0
       0
       0
       1
       1
       1
       0
       0
       1
       0
       0
       0
       0
       0
       0
       0
       0
       0
       1
       1
       0
       0
       0
       1
       0
       0
       1
       0
       0
       0
       0
       0
       1
       1
       2
       0
       0
       1
       1
       0
       0
       0
       2
       0
       2
       0
       0
       0
       0
       1
       0
       0
       0
       0
       0
       2
       1
       0
       0
       0
       0
       1
       0
       2
       0
       1
       0
       2
       1
       0
       0
       1
       1
       0
       0
       0
       1
       0
       1
       1
       0
       0
       1
       1
       1
       0
       0
       0
       0
       0
       0
       1
       0
       1
       3
       0
       1
       0
       0
       0
       0
       1
       1
       1
       0
       1
       0
       0
       2
       0
       2
       0
       0
       0
       0
       0
       0
       1
       1
       0
       1
       0
       0
       0
       0
       1
       1
       0
       0
       1
       0
       1
       0
       2
       0
       1
       0
       0
       0
       0
       0
       0
       0
       0
       1
       1
       0
       2
       0
       0
       1
       1
       1
       0
       0
       0
       1
       1
       0
       0
       0
       0
       0
       0
       0
       0
       1
       1
       0
       0
       2
       0
       1
       0
       1
       2
       0
       0
       0
       4
       1
       2
       0
       1
       0
       2
       0
       0
       1
       0
       0
       0
       0
       0
       1
       0
       0
       0
       0
       0
       1
       1
       0
       1
       0
       0
       0
       2
       0
       2
       1
       1
       0
       2
       0
       0
       0
       2
       0
       1
       0
       3
       0
       1
       1
       0
       0
       2
       0
       0
       1
       0
       2
       0
       0
       1
       0
       0
       1
       1
       0
       0
       0
       0
       0
       0
       0
       0
       0
       1
       0
       3
       0
       2
       0
       1
       1
       1
       0
       0
       0
       0
       0
       0
       1
       3
       0
       0
       0
       3
       0
       1
       0
       2
       0
       1
       0
       0
       0
       1
       2
       0
       0
       1
       0
       2
       0
       1
       0
       0
       0
       0
       1
       1
       0
       0
       1
       0
       0
       0
       2
       0
       1
       0
       0
       1
       0
       0
       0
       0
       0
       0
       0
       0
       0
       0
       0
       1
       1
       0
       0
       1
       0
       0
       0
       0
       1
       1
       0
       0
       0
       0
       1
       2
       0
       1
       3
       0
       1
       1
       1
       0
       2
       0
       2
       0
       0
       0
       1
       0
       0
       1
       0
       1
       1
       1
       1
       0
       1
       0
       0
       0
       0
       1
       0
       1
       1
       0
       1
       1
       0
       0
       0
       1
       0
       1
       1
       0
       1
       1
       1
       1
       0
       0
       0
       1
       0
       0
       0
       0
       0
       1
       2
       0
       0
       0
       0
       1
       1
       1
       1
       0
       1
       0
       0
       0
       0
       1
       0
       0
       2
       0
       0
       0
       0
       0
       0
       0
       0
       0
       1
       0
       0
       1
       0
       0
       0
       1
       0
       1
       0
       1
       1
       1
       1
       0
       1
       0
       1
       0
       2
       0
       1
       0
       1
       0
       0
       1
       1
       1
       1
       2
       0
       0
       0
       0
       1
       0
       1
       0
       0
       0
       0
       0
       0
       1
       0
       0
       0
       0
       0
       0
       1
       0
       0
       1
       0
       0
       0
       0
       0
       0
       2
       0
       0
       0
       0
       0
       0
       0
       0
       1
       2
       1
       0
       2
       1
       0
       0
       2
       0
       0
       0
       0
       0
       0
       0
       0
       0
       0
       0
       0
       0
       0
       1
       1
       0
       0
       0
       2
       0
       0
       1
       0
       0
       0
       1
       0
       0
       1
       0
       0
       0
       0
       0
       0
       0
       0
       0
       1
       0
       0
       0
       0
       0
       1
       0
       0
       0
       1
       0
       1
       0
       0
       0
       0
       2
       0
       0
       1
       0
       1
       0
       2
       0
       0
       0
       0
       0
       0
       0
       0
       1
       1
       0
       1
       0
       0
       0
       0
       0
       1
       0
       0
       1
       0
       0
       0
       0
       1
       1
       0
       0
       1
       1
       1
       0
       0
       0
       1
       0
       0
       1
       0
       0
       0
       0
       0
       2
       0
       0
       0
       1
       0
       2
       0
       1
       0
       0
       0
       0
       0
       0
       1
       0
       0
       0
       0
       0
       0
       0
       0
       2
       0
       1
       0
       0
       1
       0
       0
       0
       0
       0
       0
       0
       0
       0
       0
       0
       0
       0
       1
       0
       1
       0
       0
       0
       0
       0
       0
       0
       0
       0
       1
       0
       1
       0
       0
       0
       0
       0
       0
       0
       0
       0
       0
       0
       0
       0
       0
       0
       0
       0
       0
       1
       0
       0
       0
       0
       0
       0
       0
       0
       0
       0
       0
       0
       1
       0
       0
       0
       0
       0
       0
       1
       0
       1
       0
       0
       0
       1
       0
       0
       0
       0
       0
       0
       2
       0
       2
       1
       1
       0
       1
       0
       1
       0
       0
       0
       2
       0
       0
       0
       0
       1
       1
       1
       0
       0
       0
       0
       0
       0
       0
       1
       1
       0
       1
       0
       0
       0
       0
       2
       0
       1
       1
       0
       0
       0
       0
       1
       0
       0
       1
       0
       0
       0
       0
       0
       1
       0
       0
       0
       1
       0
       0
       0
       1
       1
       0
       0
       0
       0
       1
       1
       0
       0
       1
       1
       0
       1
       0
       0
       0
       1
       1
       0
       0
       0
       0
       0
       0
       0
       0
       0
       0
       0
       0
       1
       0
       0
       0
       0
       0
       0
       2
       0
       0
       0
       1
       0
       0
       1
       0
       0
       0
       3
       0
       1
       0
       0
       0
       0
       0
       0
       1
       0
       0
       0
       2
       0
       0
       1
       0
       1
       0
       0
       0
       0
       0
       0
       1
       0
       0
       0
       0
       0
       0
       1
       1
       0
       1
       0
       1
       0
       1
       1
       0
       0
       1
       0
       1
       0
       0
       0
       1
       1
       0
       0
       0
       0
       0
       1
       0
       0
       1
       0
       0
       0
       0
       0
       0
       0
       0
       0
       0
       0
       0
       2
       0
       0
       0
       0
       2
       0
       1
       1
       0
       0
       0
       0
       0
       1
       0
       0
       1
       1
       0
       0
       2
       1
       0
       0
       1
       1
       1
       0
       0
       1
       0
       1
       0
       0
       1
       0
       1
       0
       3
       1
       0
       0
       0
       0
       0
       0
       0
       0
       0
       0
       0
       0
       0
       1
       0
       0
       0
       0
       0
       0
       0
       0
       0
       0
       0
       0
       0
       0
       0
       1
       0
       0
       0
       0
       0
       0
       0
       0
       0
       0
       1
       1
       0
       0
       0
       0
       0
       0
       0
       0
       0
       1
       0
       0
       2
       1
       0
       0
       0
       0
       0
       1
       0
       1
       0
       0
       0
       0
       1
       1
       0
       0
       0
       0
       0
       0
       0
       0
       1
       0
       0
       0
       0
       1
       0
       0
       0
       1
       0
       2
       0
       0
       0
       0
       0
       0
       0
       0
       1
       1
       0
       0
       0
       1
       2
       0
       1
       0
       0
       0
       1
       1
       0
       1
       0
       1
       0
       0
       1
       1
       0
       1
       0
       0
       0
       0
       0
       1
       1
       1
       0
       0
       0
       0
       1
       0
       1
       0
       2
       1
       1
       0
       0
       0
       0
       1
       0
       0
       0
       2
       0
       0
       1
       0
       0
       0
       0
       0
       1
       0
       0
       0
       1
       0
       0
       0
       1
       0
       0
       0
       0
       0
       0
       1
       0
       1
       1
       0
       0
       0
       1
       0
       0
       0
       0
       0
       0
       1
       0
       0
       0
       0
       0
       0
       0
       0
       0
       0
       1
       0
       0
       2
       0
       1
       0
       0
       0
       1
       0
       0
       0
       1
       1
       1
       0
       0
       1
       0
       0
       0
       0
       0
       0
       0
       0
       0
       0
       0
       1
       0
       0
       0
       1
       0
       0
       0
       0
       0
       0
       0
       0
       0
       0
       0
       0
       0
       0
       0
       0
       0
       1
       0
       0
       0
       1
       0
       0
       1
       0
       1
       0
       0
       1
       1
       0
       0
       1
       1
       0
       0
       1
       0
       0
       0
       0
       0
       0
       0
       1
       0
       0
       0
       0
       1
       0
       0
       0
       1
       0
       0
       0
       0
       0
       1
       0
       0
       1
       0
       1
       2
       0
       1
       0
       0
       1
       0
       1
       0
       0
       0
       0
       0
       0
       0
       1
       0
       0
       0
       0
       0
       0
       1
       1
       1
       0
       0
       1
       0
       1
       1
       0
       1
       0
       0
       0
       0
       0
       0
       0
       1
       1
       0
       0
       1
       0
       0
       0
       2
       0
       0
       0
       0
       1
       1
       0
       0
       1
       0
       2
       0
       1
       0
       0
       0
       0
       0
       0
       0
       0
       0
       0
       1
       1
       0
       0
       0
       0
       0
       0
       0
       0
       0
       0
       0
       0
       1
       0
       0
       0
       1
       0
       0
       0
       1
       0
       0
       0
       0
       1
       0
       0
       0
       0
       3
       0
       0
       0
       0
       0
       0
       0
       0
       2
       0
       0
       1
       0
       0
       0
       0
       0
       1
       0
       0
       0
       0
       0
       0
       0
       0
       0
       0
       0
       1
       0
       0
       1
       0
       1
       0
       0
       2
       1
       2
       1
       0
       0
       0
       0
       0
       0
       0
       0
       1
       0
       1
       0
       1
       1
       1
       0
       0
       0
       2
       0
       0
       0
       0
       1
       0
       0
       0
       2
       1
       0
       0
       1
       0
       1
       0
       0
       1
       1
       0
       0
       0
       1
       1
       0
       1
       0
       0
       0
       0
       0
       0
       3
       0
       0
       0
       1
       0
       0
       0
       1
       0
       0
       0
       1
       1
       0
       0
       0
       0
       0
       1
       0
       0
       2
       0
       0
       0
       0
       0
       1
       0
       0
       0
       0
       0
       0
       0
       1
       0
       0
       0
       1
       0
       0
       0
       1
       0
       0
       0
       0
       0
       1
       0
       1
       0
       0
       0
       1
       0
       0
       0
       0
       0
       0
       0
       0
       0
       1
       1
       0
       0
       0
       1
       1
       0
       0
       0
       0
       0
       0
       0
       0
       0
       0
       0
       0
       0
       1
       0
       0
       0
       0
       0
       1
       0
       0
       2
       0
       1
       0
       0
       1
       1
       0
       0
       0
       0
       2
       0
       0
       0
       0
       0
       0
       0
       0
       0
       0
       0
       1
       0
       0
       0
       1
       0
       1
       2
       1
       0
       0
       1
       0
       1
       0
       0
       0
       0
       0
       0
       0
       0
       0
       0
       0
       0
       0
       0
       0
       0
       1
       1
       1
       1
       0
       0
       0
       1
       1
       0
       0
       0
       0
       2
       0
       0
       0
       1
       0
       1
       0
       0
       0
       0
       0
       0
       1
       0
       0
       1
       1
       0
       0
       0
       0
       1
       0
       0
       2
       0
       1
       0
       0
       0
       0
       0
       1
       0
       0
       0
       0
       0
       0
       0
       1
       0
       1
       1
       0
       0
       0
       0
       1
       0
       0
       0
       0
       0
       0
       0
       0
       1
       0
       0
       0
       0
       0
       0
       0
       0
       0
       0
       0
       0
       0
       1
       0
       0
       0
       0
       0
       0
       0
       0
       0
       0
       0
       0
       0
       0
       0
       0
       0
       1
       0
       0
       3
       1
       0
       0
       0
       0
       0
       0
       0
       0
       0
       0
       1
       0
       0
       0
       0
       0
       1
       1
       0
       0
       0
       0
       0
       0
       0
       0
       0
       1
       0
       0
       0
       0
       1
       0
       0
       0
       0
       1
       0
       0
       0
       0
       0
       0
       0
       0
       1
       1
       0
       0
       1
       0
       0
       1
       0
       0
       0
       0
       0
       0
       0
       0
       1
       0
       0
       0
       0
       0
       0
       0
       0
       0
       1
       1
       0
       0
       0
       2
       0
       0
       0
       1
       0
       1
       0
       0
       0
       0
       2
       0
       0
       0
       0
       0
       0
       0
       0
       0
       0
       0
       0
       0
       0
       0
       0
       0
       0
       0
       0
       0
       0
       0
       1
       0
       1
       1
       0
       1
       1
       0
       0
       0
       1
       0
       0
       0
       0
       0
       0
       0
       0
       1
       0
       0
       0
       0
       0
       0
       0
       0
       1
       0
       1
       0
       0
       0
       0
       0
       0
       0
       0
       0
       0
       0
       0
       1
       3
       2
       0
       1
       0
       0
       0
       1
       0
       1
       1
       0
       0
       0
       0
       0
       0
       0
       0
       0
       0
       0
       2
       0
       0
       0
       1
       0
       0
       0
       0
       0
       0
       0
       0
       0
       0
       1
       2
       0
       0
       0
       0
       0
       1
       0
       0
       0
       0
       0
       0
       1
       0
       0
       0
       0
       0
       1
       0
       0
       0
       0
       0
       0
       0
       0
       0
       0
       2
       1
       0
       0
       0
       0
       0
       0
       0
       0
       0
       0
       0
       2
       0
       0
       0
       0
       0
       0
       0
       0
       0
       0
       1
       0
       0
       0
       0
       0
       0
       0
       0
       1
       0
       0
       0
       1
       0
       0
       0
       0
       0
       1
       0
       0
       0
       0
       0
       0
       1
       0
       0
       1
       1
       0
       1
       1
       0
       0
       0
       0
       0
       0
       0
       0
       0
       0
       0
       0
       0
       0
       0
       1
       0
       1
       0
       0
       0
       0
       0
       0
       0
       0
       0
       0
       1
       0
       0
       1
       0
       1
       0
       0
       0
       0
       0
       0
       1
       0
       0
       0
       0
       0
       0
       0
       0
       1
       2
       0
       1
       1
       0
       2
       0
       0
       0
       0
       1
       1
       0
       0
       0
       1
       2
       0
       0
       0
       0
       0
       0
       0
       0
       0
       0
       1
       0
       0
       1
       0
       0
       1
       0
       0
       0
       0
       0
       0
       0
       0
       0
       0
       0
       0
       0
       0
       1
       0
       0
       0
       1
       1
       0
       0
       0
       1
       0
       1
       0
       2
       0
       1
       0
       0
       0
       0
       0
       0
       0
       0
       0
       0
       0
       0
       0
       0
       0
       0
       0
       0
       1
       1
       0
       0
       0
       0
       1
       0
       0
       0
       0
       0
       0
       0
       0
       0
       0
       0
       0
       2
       0
       1
       0
       0
       1
       1
       0
       0
       1
       0
       0
       0
       1
       0
       1
       0
       0
       1
       0
       0
       0
       0
       0
       0
       0
       0
       1
       0
       1
       0
       0
       0
       0
       0
       0
       0
       1
       0
       0
       0
       1
       1
       1
       0
       0
       1
       0
       0
       0
       0
       0
       0
       0
       0
       0
       0
       1
       0
       0
       0
       0
       0
       0
       0
       0
       1
       0
       0
       1
       0
       0
       0
       0
       0
       0
       0
       0
       1
       1
       1
       0
       0
       0
       0
       0
       0
       0
       0
       0
       0
       0
       0
       0
       0
       0
       1
       0
       0
       0
       0
       0
       0
       0
       0
       0
       0
       0
       0
       0
       0
       0
       0
       1
       0
       0
       0
       1
       0
       0
       0
       0
       0
       0
       0
       1
       1
       0
       0
       0
       0
       0
       2
       0
       0
       0
       0
       0
       1
       0
       0
       0
       0
       0
       0
       0
       0
       0
       0
       0
       0
       0
       0
       0
       0
       1
       0
       0
       0
       0
       0
       0
       0
       0
       0
       0
       0
       0
       0
       1
       0
       0
       0
       0
       0
       0
       1
       1
       0
       0
       0
       0
       0
       1
       0
       0
       0
       0
       0
       0
       0
       1
       0
       0
       0
       0
       0
       0
       0
       0
       0
       0
       1
       0
       0
       0
       0
       0
       0
       1
       0
       0
       0
       0
       0
       1
       0
       0
       2
       0
       0
       1
       0
       0
       1
       0
       0
       0
       0
       0
       0
       0
       1
       0
       0
       0
       0
       0
       0
       0
       0
       1
       0
       0
       0
       0
       0
       0
       1
       0
       0
       0
       0
       0
       2
       0
       0
       0
       0
       0
       0
       0
       0
       0
       0
       1
       0
       0
       0
       2
       0
       0
       0
       0
       1
       1
       0
       0
       0
       0
       0
       0
       0
       0
       0
       0
       1
       0
       1
       0
       0
       0
       0
       0
       0
       1
       0
       0
       0
       0
       0
       1
       0
       0
       0
       3
       0
       0
       1
       0
       0
       0
       0
       0
       1
       0
       0
       0
       0
       0
       0
       0
       0
       1
       0
       2
       1
       0
       0
       0
       0
       0
       0
       0
       0
       1
       0
       3
       0
       0
       0
       0
       0
       1
       1
       1
       0
       0
       1
       0
       1
       0
       0
       0
       0
       0
       0
       0
       0
       0
       1
       1
       0
       0
       0
       1
       1
       0
       0
       0
       0
       0
       0
       0
       0
       0
       0
       0
       0
       2
       0
       0
       0
       2
       0
       0
       0
       0
       0
       0
       0
       0
       1
       0
       0
       1
       1
       0
       0
       0
       0
       0
       0
       0
       1
       0
       1
       0
       1
       0
       0
       0
       0
       1
       1
       0
       0
       0
       0
       1
       0
       0
       1
       0
       1
       1
       1
       0
       0
       0
       1
       0
       0
       2
       0
       0
       0
       0
       0
       0
       0
       0
       0
       1
       0
       0
       0
       0
       0
       1
       0
       0
       0
       0
       0
       0
       0
       0
       0
       0
       0
       0
       0
       1
       0
       0
       0
       0
       0
       2
       1
       0
       0
       0
       0
       0
       0
       1
       0
       0
       0
       1
       0
       0
       0
       0
       0
       0
       0
       0
       0
       0
       0
       1
       0
       1
       0
       1
       0
       0
       0
       1
       1
       0
       0
       0
       1
       1
       0
       2
       0
       0
       0
       0
       0
       0
       0
       0
       1
       0
       0
       1
       0
       1
       0
       0
       0
       0
       0
       1
       1
       0
       1
       0
       0
       1
       0
       0
       1
       1
       0
       0
       0
       0
       0
       0
       0
       0
       0
       0
       1
       0
       1
       0
       0
       0
       0
       1
       0
       0
       0
       0
       0
       0
       0
       0
       1
       1
       1
       0
       0
       0
       0
       0
       0
       0
       1
       0
       0
       1
       0
       1
       0
       0
       0
       0
       0
       0
       0
       0
       1
       0
       0
       0
       0
       0
       0
       0
       0
       0
       0
       0
       0
       0
       1
       0
       2
       0
       0
       0
       0
       0
       1
       0
       0
       0
       0
       0
       1
       0
       0
       0
       0
       0
       0
       0
       0
       0
       0
       0
       0
       0
       0
       0
       0
       0
       0
       0
       0
       0
       0
       2
       0
       0
       0
       0
       0
       0
       1
       0
       0
       0
       0
       1
       0
       0
       0
       0
       0
       0
       0
       0
       0
       0
       0
       0
       0
       0
       0
       1
       0
       0
       0
       0
       0
       0
       0
       0
       2
       0
       0
       0
       0
       0
       0
       0
       0
       0
       0
       0
       0
       0
       1
       0
       0
       0
       0
       0
       1
       1
       0
       0
       0
       0
       0
       0
       0
       0
       0
       0
       0
       0
       0
       1
       0
       0
       0
       0
       0
       1
       1
       1
       1
       0
       0
       0
       0
       0
       0
       0
       1
       0
       0
       0
       0
       0
       0
       1
       1
       0
       0
       0
       0
       1
       1
       0
       1
       0
       0
       0
       0
       0
       0
       0
       1
       0
       0
       0
       0
       0
       0
       0
       0
       1
       0
       0
       0
       1
       0
       0
       1
       1
       0
       0
       0
       1
       0
       0
       1
       0
       1
       0
       0
       0
       0
       0
       0
       1
       0
       0
       0
       1
       0
       0
       1
       0
       0
       0
       0
       1
       0
       0
       0
       0
       0
       0
       0
       1
       0
       0
       1
       0
       0
       0
       0
       1
       0
       0
       0
       0
       0
       0
       0
       0
       0
       0
       0
       0
       0
       0
       0
       1
       0
       1
       1
       1
       0
       0
       0
       1
       0
       0
       1
       1
       0
       0
       0
       1
       0
       1
       0
       0
       0
       0
       1
       0
       0
       0
       0
       0
       1
       0
       0
       0
       0
       0
       1
       0
       1
       0
       0
       0
       0
       0
       0
       0
       0
       0
       0
       0
       0
       0
       0
       0
       1
       0
       0
       0
       0
       2
       1
       0
       0
       0
       0
       1
       0
       0
       0
       0
       0
       0
       2
       0
       0
       0
       0
       0
       0
       0
       0
       0
       0
       0
       0
       1
       0
       1
       0
       0
       0
       0
       0
       0
       0
       0
       0
       1
       0
       1
       0
       0
       0
       0
       0
       0
       0
       0
       1
       0
       0
       1
       0
       0
       0
       0
       0
       0
       0
       1
       1
       0
       0
       0
       1
       0
       1
       0
       0
       0
       0
       1
       0
       0
       0
       1
       0
       0
       0
       1
       0
       0
       0
       0
       0
       1
       0
       0
       2
       0
       0
       0
       1
       0
       0
       0
       0
       0
       0
       0
       1
       0
       0
       0
       0
       0
       0
       0
       0
       0
       0
       0
       0
       0
       0
       1
       0
       0
       0
       0
       0
       1
       0
       0
       0
       0
       0
       0
       0
       0
       0
       0
       0
       0
       0
       1
       0
       0
       0
       0
       0
       0
       0
       0
       0
       0
       0
       0
       0
       0
       0
       0
       0
       0
       1
       0
       0
       0
       1
       1
       0
       0
       0
       0
       0
       0
       0
       0
       0
       0
       0
       0
       0
       0
       0
       0
       0
       0
       1
       0
       0
       0
       0
       0
       0
       0
       0
       0
       0
       0
       0
       0
       0
       0
       1
       0
       1
       0
       0
       0
       0
       0
       1
       0
       0
       1
       0
       0
       0
       0
       0
       0
       0
       1
       0
       0
       1
       1
       1
       0
       0
       0
       0
       0
       0
       0
       0
       0
       1
       0
       0
       0
       0
       0
       1
       0
       0
       0
       0
       1
       1
       0
       0
       0
       0
       0
       0
       0
       0
       0
       0
       1
       0
       1
       0
       0
       1
       0
       0
       1
       1
       0
       0
       0
       1
       0
       0
       0
       0
       0
       0
       0
       0
       0
       0
       1
       0
       0
       0
       0
       1
       0
       0
       0
       1
       1
       1
       0
       0
       0
       1
       0
       0
       0
       0
       0
       0
       0
       1
       0
       0
       0
       1
       0
       0
       0
       0
       0
       0
       0
       1
       0
       0
       0
       0
       0
       0
       0
       0
       0
       0
       1
       1
       2
       0
       0
       0
       0
       0
       0
       0
       0
       1
       0
       0
       2
       0
       0
       0
       1
       0
       1
       0
       1
       0
       0
       0
       0
       0
       0
       0
       0
       0
       0
       0
       0
       1
       0
       0
       0
       1
       0
       0
       0
       0
       1
       0
       0
       0
       0
       2
       0
       1
       0
       0
       1
       0
       0
       0
       0
       0
       0
       0
       0
       0
       0
       0
       0
       0
       0
       0
       1
       0
       0
       0
       0
       0
       0
       0
       0
       0
       0
       0
       0
       1
       0
       1
       0
       0
       1
       0
       1
       0
       1
       0
       0
       0
       0
       0
       0
       0
       0
       0
       0
       0
       0
       0
       0
       0
       0
       0
       0
       0
       0
       0
       0
       0
       0
       0
       0
       0
       0
       0
       0
       0
       0
       0
       0
       0
       0
       0
       0
       1
       0
       0
       0
       0
       0
       0
       0
       0
       0
       0
       0
       0
       0
       0
       0
       0
       0
       0
       0
       0
       0
       0
       0
       0
       0
       1
       0
       0
       0
       0
       0
       0
       0
       0
       0
       0
       0
       0
       1
       0
       0
       0
       0
       0
       1
       0
       0
       0
       0
       0
       0
       0
       0
       0
       0
       1
       0
       0
       0
       1
       0
       0
       0
       0
       0
       0
       0
       0
       0
       0
       0
       1
       0
       0
       0
       0
       0
       0
       0
       0
       0
       0
       1
       0
       0
       1
       0
       0
       0
       0
       0
       0
       0
       1
       0
       0
       0
       1
       0
       0
       0
       0
       0
       0
       0
       0
       0
       0
       1
       0
       0
       0
       0
       0
       0
       0
       0
       0
       0
       1
       0
       0
       0
       0
       0
       0
       1
       0
       0
       0
       0
       0
       0
       0
       0
       0
       0
       0
       0
       1
       0
       0
       1
       0
       0
       0
       0
       0
       1
       0
       0
       1
       0
       0
       0
       0
       0
       1
       0
       0
       0
       0
       0
       0
       0
       0
       0
       0
       0
       0
       0
       0
       0
       0
       0
       0
       0
       0
       0
       0
       1
       0
       0
       0
       0
       0
       0
       0
       0
       0
       0
       0
       0
       0
       0
       0
       0
       0
       0
       0
       0
       1
       0
       0
       0
       0
       0
       0
       0
       0
       0
       1
       0
       0
       0
       0
       0
       0
       0
       0
       0
       0
       1
       1
       0
       0
       0
       0
       0
       0
       0
       0
       0
       0
       0
       0
       0
       0
       0
       0
       1
       0
       0
       0
       0
       1
       0
       0
       0
       0
       0
       0
       0
       0
       0
       0
       0
       0
       0
       0
       0
       0
       0
       0
       0
       0
       0
       0
       1
       1
       0
       1
       0
       0
       0
       0
       0
       0
       0
       0
       0
       0
       0
       0
       0
       0
       1
       0
       1
       0
       0
       0
       1
       0
       1
       0
       0
       0
       0
       0
       0
       0
       0
       0
       0
       0
       1
       0
       0
       0
       0
       1
       0
       0
       1
       0
       0
       0
       0
       0
       0
       0
       0
       0
       0
       0
       0
       0
       0
       0
       0
       0
       0
       0
       0
       0
       0
       0
       0
       0
       0
       0
       0
       0
       0
       0
       0
       0
       0
       0
       0
       0
       0
       0
       0
       0
       0
       0
       0
       0
       0
       0
       0
       0
       0
       0
       0
       0
       0
       0
       0
       0
       0
       0
       0
       0
       0
       0
       0
       0
       0
       0
       0
       0
       0
       0
       0
       0
       0
       0
       0
       0
       0
       0
       0
       0
       0
       0
       0
       0
       0
       0
       0
       0
       0
       0
       0
       0
       0
       0
       0
       0
       0
       0
       0
       0
       0
       0
       0
       0
       0
       0
       0
       0
       0
       0
       0
       0
       0
       0
       0
       0
       0
       0
       0
       0
       0
       0
       0
       0
       0
       0
       0
       0
       0
       0
       0
       0
       0
       0
       0
       0
       0
       0
       0
       0
       0
       0
       0
       0
       0
       0
       0
       0
       0
       0
       0
       0
       0
       0
       0
       0
       0
       0
       0
       0
       0
       0
       0
       0
       0
       0
       0
       0
       0
       0
       0
       0
       0
       0
       0
       0
       0
       0
       0
       0
       0
       0
       0
       0
       0
       0
       0
       0
       0
       0
       0
       0
       0
       0
       0
       0
       0
       0
       0
       0
       0
       0
       0
       0
       0
       0
       0
       0
       0
       0
       0
       0
       0
       0
       0
       0
       0
       0
       0
       0
       0
       0
       0
       0
       0
       0
       0
       0
       0
       0
       0
       0
       0
       0
       0
       0
       0
       0
       0
       0
       0
       0
       0
       0
       0
       0
       0
       0
       0
       0
       0
       0
       0
       0
       0
       0
       0
       0
       0
       0
       0
       0
       0
       0
       0
       0
       0
       0
       0
       0
       0
       0
       0
       0
       0
       0
       0
       0
       0
       0
       0
       0
       0
       0
       0
       0
       0
       0
       0
       0
       0
       0
       0
       0
       0
       0
       0
       0
       0
       0
       0
       0
       0
       0
       0
       0
       0
       0
       0
       0
       0
       0
       0
       0
       0
       0
       0
       0
       0
       0
       0
       0
       0
       0
       0
       0
       0
       0
       0
       0
       0
       0
       0
       0
       0
       0
       0
       0
       0
       0
       0
       0
       0
       0
       0
       0
       0
       0
       0
       0
       0
       0
       0
       0
       0
       0
       0
       0
       0
       0
       0
       0
       0
       0
       0
       0
       0
       0
       0
       0
       0
       0
       0
       0
       0
       0
       0
       0
       0
       0
       0
       0
       0
       0
       0
       0
       0
       0
       0
       0
       0
       0
       0
       0
       0
       0
       0
       0
       0
       0
       0
       0
       0
       0
       0
       0
       0
       0
       0
       0
       0
       0
       0
       0
       0
       0
       0
       0
       0
       0
       0
       0
       0
       0
       0
       0
       0
       0
       0
       0
       0
       0
       0
       0
       0
       0
       0
       0
       0
       0
       0
       0
       0
       0
       0
       0
       0
       0
       0
       0
       0
       0
       0
       0
       0
       0
       0
       0
       0
       0
       0
       0
       0
       0
       0
       0
       0
       0
       0
       0
       0
       0
       0
       0
       0
       0
       0
       0
       0
       0
       0
       0
       0
       0
       0
       0
       0
       0
       0
       0
       0
       0
       0
       0
       0
       0
       0
       0
       0
       0
       0
       0
       0
       0
       0
       0
       0
       0
       0
       0
       0
       0
       0
       0
       0
       0
       0
       0
       0
       0
       0
       0
       0
       0
       0
       0
       0
       0
       0
       0
       0
       0
       0
       0
       0
       0
       0
       0
       0
       0
       0
       0
       0
       0
       0
       0
       0
       0
       0
       0
$ROI:
6
161 440
767 1079
1190 1593
3749 4148
5178 5843
6529 7474
$PRESETS:
None
0
0
$ENER_FIT:
8.651989 0.074883
$MCA_CAL:
3
8.651989E+000 7.488284E-002 3.591882E-006 keV
$SHAPE_CAL:
3
8.298945E+001 1.136237E-001 -3.260950E-005
