$SPEC_ID:
No sample description was entered.
$SPEC_REM:
DET# 1
DETDESC# FSGUNIV-O93LS3D Easy-MCA-8k SN 17088661
AP# Maestro Version 7.01
$DATE_MEA:
03/18/2024 09:05:31
$MEAS_TIM:
202 202
$DATA:
0 4095
       0
       0
       0
       0
       0
       0
       0
       0
       0
       0
       0
       0
       0
       0
       0
       0
       0
       0
       0
       0
       0
       0
       0
       0
       0
       0
       0
       0
       0
       0
       0
       0
       0
       0
       0
       0
       0
       0
       0
       0
       0
       0
       0
       0
       0
       0
       0
       0
       0
       0
       0
       0
       0
       0
       0
       0
       0
       1
       0
       0
       0
       0
       0
       1
       1
       0
       3
       5
      19
      22
      22
      29
      28
      33
      25
      22
      22
      23
      18
      16
      17
      23
      17
      13
      16
      14
      11
      19
      12
       5
       7
      10
      12
      12
       9
       7
       7
      12
       3
       7
       8
       9
       6
      11
       7
       4
       7
       7
       7
       6
       5
       7
      11
      13
       4
      13
       6
       7
       9
       4
       7
       5
       6
       4
      11
       7
       9
       2
       8
       5
      10
       7
       9
       8
       7
      15
       3
       3
      13
       9
       9
       6
       8
      12
      12
      12
      16
       7
      14
       8
       9
      12
      16
      12
      19
      14
      19
      17
      16
      17
      18
      22
      17
      17
      27
      23
      32
      32
      26
      23
      30
      38
      40
      41
      33
      38
      47
      40
      40
      46
      45
      48
      41
      50
      46
      40
      39
      56
      47
      77
      61
      54
      70
      55
      60
      53
      52
      48
      34
      58
      49
      40
      34
      46
      42
      46
      47
      31
      52
      29
      33
      40
      30
      21
      29
      25
      21
      25
      19
      29
      26
      23
      14
      23
      20
      12
      25
      22
      22
      14
      19
      13
      12
      18
      18
       7
      18
      10
      10
      10
      11
      13
      17
      14
       8
      14
      11
       8
       8
       8
      11
      12
       8
       9
       8
       8
      16
      12
      14
       7
       7
       4
       7
      10
      11
      11
      11
       9
       4
      11
      10
       7
       9
      10
       8
       9
      10
      10
       9
       5
       9
       8
       9
       9
       7
      11
       8
      11
       7
      12
       7
      12
      11
      11
      11
      10
       8
      10
      10
      11
      11
       7
       7
       8
       5
      10
       4
       6
       4
       6
       9
      11
       8
       7
      10
       5
       7
      11
       9
      10
       3
       7
       3
      14
      10
      13
       6
      10
       7
       8
       6
      13
      12
       7
       4
       9
      10
       5
       6
       5
      10
       9
       5
       6
       7
      12
       7
       7
       9
      13
      12
       4
      13
      14
       7
       7
      15
       1
       6
       7
       6
       8
      10
       9
       6
       2
      10
      15
       9
      10
      16
      12
       6
      16
      12
      11
       4
      11
      12
      13
       9
       8
      13
       9
      15
      11
       6
       9
      10
      11
      10
      11
      12
      11
      13
      17
       7
       8
      11
      12
      12
      17
      11
       8
      13
      10
      14
       9
      18
       9
      13
      14
      14
      26
      20
      15
      12
      13
      11
      14
      16
      16
      13
      12
      21
      16
      14
      19
      10
      10
      10
      18
      17
      15
      16
      19
      20
      14
      17
      12
      17
      26
      15
      18
      21
      18
      19
      25
      10
      20
      14
      24
      13
      12
      14
      14
      15
      13
      22
      21
      18
       9
      20
      20
      19
      20
      12
      18
      19
       9
      18
      12
      23
      19
      22
      14
      11
       6
      16
      23
      19
      13
      24
      12
       9
      14
      12
      13
      16
       7
      10
      18
       6
      15
      15
      15
      15
      19
      12
      14
      13
      16
       8
       9
      14
      12
       9
      21
      12
      12
      13
       7
      19
      10
      13
      10
       8
      13
      16
      10
      11
      15
       8
      16
      14
      16
       9
      11
      14
      13
       9
       5
      11
      16
      13
       7
      13
      11
       6
       8
       9
       7
      13
       6
      16
      10
       1
      14
      11
       7
      11
      10
       9
       4
      14
      12
       8
      10
       3
      14
       9
      10
      11
       9
      10
      13
       8
       5
      10
      15
      11
       9
       9
      12
      12
       6
       8
       8
       8
       3
      11
       1
       3
      10
       5
       8
       7
       9
       6
      12
      11
      10
      16
      11
       8
      11
      10
       6
       9
       8
       7
       3
      12
      10
       9
       8
       8
       4
      11
      12
      13
      10
      11
      12
       6
       6
       8
       4
       8
      11
       6
       7
      11
      11
       6
       7
      10
       7
      10
       8
      12
       1
       3
       9
       8
       7
      12
      10
       9
       8
       7
       6
       7
       6
       9
      10
      10
      10
       9
      10
       3
       7
      15
       9
      10
      10
      10
       7
       8
      14
      10
       6
      11
       5
       7
      10
      10
       5
      10
       9
      11
      13
       6
       7
       4
      12
       7
      11
      17
      11
       6
       8
      13
       8
       9
       3
       9
       9
       5
       8
      10
       7
       4
      10
       8
       7
       8
       8
       6
       9
       5
      10
       2
       5
      10
      10
       7
       8
       5
      13
      14
       6
       9
      11
       9
       4
      10
      15
      12
       9
       9
      10
      10
       9
       5
       7
      11
       7
       8
      13
      12
       6
      12
       8
       7
      11
      14
       9
       9
       8
       8
       9
      11
      10
       5
       7
       8
       9
      10
       6
      10
       4
       8
      13
      13
       9
       8
      10
      12
      15
       8
      11
       9
       6
       9
      12
       8
       8
      11
       9
       3
       4
       8
      13
       3
       9
       8
      10
       8
      12
      10
       8
      17
      12
       4
      10
       7
       9
       7
      16
       9
       6
      12
       6
       9
       5
       6
       9
       8
      12
      12
      13
       9
      11
      14
       5
       9
       4
       6
      12
      10
       9
       9
       6
       3
      12
       7
       6
      12
       6
      13
       7
       8
       8
       5
      16
      11
      11
       6
      12
      12
      15
      14
      12
      11
       7
       7
      11
       8
      12
      12
      14
       8
       8
      11
      12
      11
      14
       9
       8
       8
       6
       8
       9
      12
       9
      10
      11
      11
      11
       4
      10
       8
       9
       9
       4
      12
       4
       8
       9
      12
      10
      12
       5
       9
       5
       7
       7
      10
      12
       4
       7
       9
      16
      11
      13
      12
      10
       9
       7
      11
      13
      12
      15
       5
       7
       9
      17
       8
       9
       6
       9
      19
      12
      12
      12
      10
      11
       8
      10
       6
       9
      12
       9
       7
       7
       8
       9
      12
      12
       6
       8
       9
      14
      11
       6
      11
       8
      11
      10
       4
       5
      11
       3
      13
      11
      12
       7
       7
      14
      11
      14
      10
      10
       7
       9
       8
      10
      11
       6
       6
      10
       7
      10
       9
      10
      14
       9
      12
      11
       7
      11
      14
       7
       6
       9
      16
      15
      12
      15
      14
      13
      17
      12
      16
      16
       8
       4
      16
      10
      10
      10
      12
      10
      10
      10
      11
       9
      17
      10
       9
       9
       5
       9
       7
      11
      12
      10
       9
      11
      14
       5
      12
      12
       8
      15
      12
       9
       7
       8
       7
      12
       7
       8
       7
      16
      16
       9
      16
      12
      15
      12
      10
      17
       7
      16
      10
      12
      14
      13
      11
      14
      12
       8
       4
      12
      12
      11
       6
       7
      10
      16
      16
      22
      15
      10
      10
       9
      15
      17
      13
      20
      16
      10
      18
      16
      16
      13
      17
      10
      14
      11
      12
       8
      15
      17
      14
       8
      17
      10
      17
       9
      11
      13
      16
      11
      17
       8
      16
      13
      11
      15
      13
       7
      12
      14
      16
       7
      17
      11
      14
      17
      18
      11
       4
      12
      10
       5
      18
      13
       9
      12
      12
       9
      13
      12
       7
      10
      12
      11
      16
       9
       6
       8
       8
      11
      16
      16
      24
      11
      14
      12
      13
       7
      12
      11
      19
      15
      11
      10
       8
      11
      16
      12
       8
       7
      15
      13
      17
      15
      16
      14
      12
       7
      10
      11
      12
       5
      14
      18
      14
      12
      11
       8
       9
      11
      10
      12
       7
       8
       7
      13
       7
       9
      19
      11
       7
      10
       6
      19
       9
       7
      10
       6
      11
      12
      14
      12
       6
      10
       6
      10
      12
      13
      12
       7
      11
      11
      12
      11
      15
      11
      12
      14
       8
       7
      13
      14
      11
       9
       8
      15
       9
      11
       7
       2
      13
      12
      11
      10
      25
      19
       4
      11
       4
      12
       6
      14
      14
       8
      10
      11
      15
       9
      10
      13
      14
      10
       9
      10
       8
      10
       8
      15
       9
      12
      17
       8
      11
      14
      11
       9
      13
      11
       9
      15
      10
      14
       6
      10
      15
       9
      13
       6
       6
      10
       6
      14
      10
       9
      11
      12
       9
       9
      12
      11
      11
      11
       9
      13
       7
      14
      11
      14
      16
       6
      12
      15
       5
       8
      16
       6
      12
      12
      12
       6
      10
      13
      10
      10
       9
       7
       9
      10
       6
      12
       9
      12
       6
       5
      13
       8
      14
      15
      10
      10
       9
      13
       7
      14
       9
       9
      10
       9
      10
       9
      11
       8
       7
       6
       7
      12
      12
      12
       6
       6
      13
      11
      16
      11
      10
       9
       9
      11
      10
       8
      11
       6
       9
      12
       5
      14
       9
       8
      10
       9
      13
      14
       8
      14
      12
      12
      11
       9
       7
      13
       9
       6
      13
       6
      12
      11
      20
      13
      13
       7
       8
      10
       8
      11
      13
      13
      16
      13
       8
       9
       8
      15
       4
       9
      11
       8
       7
      11
       9
       6
      11
       9
       9
      10
      10
      12
      13
      12
      11
       8
       8
      18
       6
      10
       9
      13
      10
       9
       9
       9
      15
      10
       8
       7
       9
      13
       9
       9
       7
      19
       8
      11
       7
       9
       7
      10
      16
       9
      12
       9
      12
       8
       9
       3
      13
      14
       9
       9
      12
       8
       6
       9
      10
       7
      13
      12
      18
      15
       9
      15
      11
       9
      14
       9
      11
      10
      13
      16
       7
      15
       8
       7
      11
      15
       8
       9
      16
       6
      12
      14
      10
      13
      10
      15
      14
      10
      11
      16
      10
       8
      15
      17
      10
      10
       8
      10
      10
       7
      10
       7
      12
       8
       8
      13
      12
       8
      12
      10
       6
       6
       7
      12
      11
      12
      10
      10
      10
      11
      14
      12
       9
       9
      14
       7
      11
       5
       8
      12
      11
       7
      13
      12
      10
      16
       6
       6
       9
       9
       9
      10
      12
      11
      14
      14
      10
       8
      17
      12
      11
       8
       8
      11
       2
      14
      11
      11
       9
      12
      14
      11
       6
       8
      12
      14
       7
      11
      10
      12
      10
      10
      11
      12
       9
       8
      14
      10
      10
      10
      12
      10
      13
      11
      12
      10
       5
       8
       5
       8
      13
       7
       9
       7
      10
      12
      10
       9
      14
       9
      13
      15
      10
      13
       7
       8
      12
      10
      11
       9
       9
       9
      11
      15
       9
       6
       4
      11
      11
      13
       9
      10
      10
       8
      15
      14
      17
      12
      12
       7
       7
       7
       8
       9
       9
      11
      15
       8
      11
       9
      12
      11
      12
      10
       9
       8
      10
       5
       9
       9
      11
       9
      12
      14
       8
      11
      12
      12
      10
       8
       9
       5
       5
       8
      12
      10
       7
      14
       7
       8
       9
      14
      18
       9
      12
      10
      11
      11
       6
      14
       7
      10
       9
      10
       5
       8
      14
       8
      10
       7
       9
       7
      11
      15
       8
       8
      10
       7
      15
      10
       7
       9
      12
      11
      13
      14
       9
       9
      11
       5
       7
      11
      17
      11
       9
      12
      10
       9
      15
       9
      15
      11
       9
      12
      10
       7
      10
      11
      11
      16
      15
       8
       8
      12
      10
       4
      14
      15
       7
      14
       9
      14
      12
      13
      13
      13
      12
       6
      11
       9
      10
       7
      10
      12
       9
       9
      13
      12
      10
      11
      17
      14
      15
      14
      13
      10
      11
       8
       8
      11
       8
       7
      12
       9
      10
       9
      13
      10
       9
      10
       9
      12
      12
      11
      12
      10
      10
       8
      13
      10
       7
      13
      12
      10
      10
      13
      10
       7
       8
      13
      10
      11
      10
      10
      14
      14
       9
      12
       7
      12
       9
      11
       7
       8
       9
       6
      12
      16
      13
      16
       8
       9
       9
      15
       8
       4
       9
       9
      10
       8
      12
      10
      10
      13
      16
      11
      11
      10
       9
      11
      11
       6
      15
       8
       7
      11
      14
       8
      15
      14
       8
      12
       8
       6
       7
       8
      10
      12
       8
      10
      10
      11
      16
       7
      18
      12
      11
      10
       5
       8
      10
      14
      11
      10
      10
      10
      15
       8
      14
      12
      12
      10
       7
      13
      11
      11
      10
      10
       9
      13
      15
       9
      10
      11
      11
       7
      11
       6
       7
       9
      14
       6
      12
      13
      11
       6
      19
      14
      16
      14
      15
       8
      22
       9
       9
      11
      12
      11
      11
       8
      11
       8
      12
      11
       9
      13
       6
      13
      15
       7
       9
      11
       7
      14
      14
       7
       4
       3
      19
       8
       6
      12
      13
       7
       9
       5
       9
       7
       6
       9
       9
       8
      14
       9
       7
       5
       8
       5
       7
       8
      12
      16
       8
      13
       9
      10
      11
      10
      20
       9
      14
      12
       9
      16
      12
      11
       9
      11
      13
       7
      12
      13
      18
      10
       8
       7
      12
      16
      10
      10
       9
      12
       5
      12
      11
       9
      11
      13
      13
       6
      14
      11
      14
      13
      12
      15
       9
      10
      11
      12
      11
       8
      10
      10
      11
       6
      10
       6
      13
       9
      11
      10
      13
      10
      10
      10
      11
      17
       7
      13
       6
      14
       8
       8
       3
       6
      13
       8
      14
      19
      11
      10
      14
       4
      15
      11
       4
       7
       3
      11
       8
      13
       8
       8
      13
       8
      12
      11
      12
      11
      12
      11
      13
      11
      10
       4
       9
       9
      15
      13
      11
      11
      11
      11
       9
       8
      11
      10
      15
      10
      12
      15
       8
      11
      11
       8
      16
      14
       8
      15
       9
      10
      14
       8
      10
       9
       9
      12
      17
       7
       7
       6
      13
      10
      20
      19
      10
       8
      15
      14
      10
      12
      13
      10
      11
       9
      18
       4
      10
      11
      12
       8
      11
       9
      11
      13
       8
       7
       9
      10
       9
      12
      10
      13
      13
      15
      11
       9
      11
       8
       7
       9
      10
       9
      10
      12
       7
      11
      15
       9
      16
       6
       8
      19
      14
       9
      11
      13
       9
       9
      13
      11
       8
      10
       9
       5
      11
      11
       8
       3
       5
      16
      18
      13
      13
      13
      12
       7
      18
      11
      17
      12
       9
      10
       8
       7
      12
       3
      12
       7
      13
      12
      11
       7
       9
       9
       9
       7
      10
       5
      11
       6
       7
      11
       8
       7
       9
      11
       8
      13
       9
       7
      13
      12
      16
       9
      15
      10
      13
       8
      10
      22
       8
       7
      13
      20
       7
       9
       8
       9
      16
       5
      14
       2
       8
       6
       8
       9
      15
      15
      19
      15
       9
       8
      18
      13
       7
      10
      10
      10
      16
       6
      15
      10
       9
       7
      13
      16
      10
       4
      15
      12
      13
      11
       9
       7
      10
       7
       9
       6
       8
       9
       7
      12
      13
      14
       6
       9
      11
       5
      10
      10
      12
      11
      10
       6
      10
      10
       6
      12
      12
      12
       8
       5
       4
      14
      13
      14
      15
      16
       6
       4
      11
       7
      11
      12
      11
       8
      10
      12
      16
       8
      11
      13
      10
       4
       8
       9
      11
      11
      10
      10
      11
       8
      11
      10
       9
       8
      12
       8
      13
      12
       9
       6
      15
      12
      11
       3
      10
       5
       8
       8
      11
       7
      10
      11
      14
       7
      12
      15
       7
       8
       8
       5
       8
       9
      13
      11
      11
       8
       6
       5
      13
      14
      14
       9
       8
       4
       8
      12
      12
      12
      12
      16
      13
       7
       9
       9
       6
       8
      13
      15
      13
       8
       7
       9
      12
       9
       9
      11
       7
       8
       3
      12
       8
       8
       7
      11
       3
      12
      10
      12
       9
       8
      10
       8
       6
       7
       9
       9
      12
      10
       7
      11
       8
      10
      11
       6
       7
      14
       3
       7
      10
       6
      11
       9
      13
      10
       7
      15
       6
       9
       7
      12
       9
       8
       9
       9
      11
       9
      10
       9
       7
      12
       9
      17
       7
       8
       6
       3
       4
      10
       7
      14
      14
       7
       5
       7
       5
       5
      10
      11
       7
       3
       7
      11
       3
       7
      12
       3
       4
       5
      10
       6
       5
       8
       3
       7
       5
       8
       7
       4
      10
       7
      10
       7
       7
       5
       4
       8
       7
       9
       5
      13
       5
       6
       1
       8
       7
       7
       6
       1
       8
       7
       6
       4
      10
       5
       5
       5
       9
      12
       3
       6
      10
       4
      10
       5
       4
       7
       4
       5
       7
       5
      13
       4
       8
       3
       4
       4
       1
      10
       3
       4
       7
       7
       3
       4
       5
       3
       3
       3
       4
       4
       6
       3
       4
      12
       2
       4
       4
       5
       3
       5
       6
       3
       7
       5
       4
       6
       5
       4
       7
       6
       1
       5
       5
       4
       3
       5
       5
       7
       7
       5
       5
       2
       4
       5
       4
       3
       1
       4
       4
       9
       3
       5
       4
       2
       1
       5
       5
       1
       1
       3
       5
       0
       6
       3
       2
       5
       8
       3
       5
       6
       3
       5
       7
       5
       4
       4
       2
       7
       6
       6
       4
       7
       4
       3
       6
       7
       6
       3
       3
       6
       5
       3
       6
       3
       2
       2
       9
       4
       2
       3
       6
       3
       3
       4
       4
       4
       2
       7
       4
       3
       4
       3
       5
       9
       7
       2
       4
       5
       8
       3
       5
       5
       3
       2
       3
       0
       8
       4
       3
       7
       3
       4
       4
       7
       8
       8
       6
       4
       2
       5
       5
       1
       6
       3
       1
       4
       6
       3
       3
       1
       3
       4
       1
       1
       7
       3
       5
      10
       2
       1
       6
       2
       6
       4
       3
       2
       6
       3
       1
       2
       4
       4
       3
       2
       2
       2
       3
       3
       4
       3
       3
       3
       2
       6
       2
       4
       2
       2
       2
       4
       3
       4
       2
       1
       0
       2
       6
       4
       3
       3
       1
       1
       2
       2
       2
       4
       2
       4
       2
       4
       3
       4
       2
       3
       2
       3
       6
       2
       4
       6
       1
       1
       4
       4
       7
       3
       3
       2
       4
       1
       2
       4
       0
       4
       4
       0
       1
       2
       1
       4
       4
       4
       1
       3
       1
       3
       2
       2
       0
       2
       2
       3
       5
       5
       2
       7
       2
       2
       2
       3
       2
       0
       2
       3
       2
       4
       6
       1
       3
       2
       6
       3
       0
       3
       3
       3
       1
       2
       1
       0
       2
       3
       2
       2
       4
       3
       4
       2
       1
       1
       4
       2
       3
       1
       4
       2
       2
       2
       1
       5
       1
       2
       1
       2
       0
       3
       1
       0
       2
       1
       3
       2
       1
       0
       3
       3
       1
       3
       2
       3
       3
       4
       2
       2
       3
       4
       4
       2
       1
       1
       1
       0
       1
       3
       2
       2
       2
       4
       0
       2
       1
       4
       4
       3
       1
       2
       0
       3
       2
       2
       2
       0
       0
       1
       2
       2
       4
       2
       2
       1
       2
       2
       1
       4
       1
       1
       2
       1
       1
       4
       3
       3
       4
       4
       2
       2
       4
       4
       5
       1
       1
       2
       1
       4
       3
       5
       1
       2
       1
       3
       2
       1
       5
       1
       4
       0
       2
       1
       4
       4
       1
       2
       4
       1
       1
       3
       1
       1
       0
       2
       2
       1
       0
       1
       0
       2
       2
       2
       2
       2
       1
       0
       0
       5
       3
       2
       3
       5
       1
       0
       3
       1
       2
       1
       1
       2
       3
       1
       3
       0
       0
       1
       3
       1
       1
       2
       1
       1
       2
       2
       2
       3
       2
       1
       3
       0
       0
       1
       2
       2
       0
       0
       2
       2
       2
       0
       1
       3
       2
       2
       3
       1
       1
       3
       2
       3
       5
       2
       5
       1
       2
       3
       2
       1
       2
       2
       0
       0
       0
       2
       1
       5
       2
       3
       2
       4
       0
       2
       2
       3
       0
       7
       1
       2
       3
       0
       1
       3
       0
       0
       2
       2
       2
       3
       6
       2
       2
       1
       2
       5
       5
       1
       0
       3
       4
       2
       3
       1
       3
       2
       2
       3
       0
       3
       3
       3
       1
       3
       2
       2
       0
       3
       4
       6
       2
       2
       4
       2
       0
       5
       3
       3
       8
       3
       3
       3
       3
       3
       2
       1
       2
       5
       0
       2
       3
       3
       2
       3
       4
       1
       3
       1
       7
       5
       2
       2
       1
       2
       2
       5
       2
       2
       5
       3
       6
       3
       9
       7
       5
       2
       4
       4
       6
       9
       4
       2
       4
       7
       3
       4
       6
       5
       4
       6
       9
       4
       5
       7
       3
       6
       2
       9
       8
       7
       5
      10
       7
       6
       6
       1
       3
       4
       3
       9
       8
       6
       9
       8
       9
      10
       9
      11
       8
      11
      11
      10
      15
       8
      10
       8
      14
       8
       8
       5
      18
       7
      10
       7
      19
      10
       7
       9
      10
      10
      13
      13
      10
      14
       9
      12
      14
      13
       9
      14
       8
      16
      15
      22
      14
      11
      15
      12
      14
      13
      20
      16
      23
      15
      15
      18
      13
      18
      24
      12
      19
      13
      23
      19
      20
      19
      17
      14
      15
      11
      14
      10
      21
      18
      23
      17
      24
      21
      13
      11
      27
      22
      16
      25
      13
      27
      19
      21
      24
      27
      24
      19
      20
      22
      28
      27
      28
      32
      30
      29
      25
      30
      23
      34
      39
      26
      32
      25
      26
      27
      46
      25
      28
      28
      32
      31
      28
      23
      41
      35
      25
      32
      33
      50
      25
      28
      29
      31
      31
      30
      42
      32
      36
      32
      49
      38
      44
      44
      34
      26
      33
      34
      37
      36
      43
      39
      40
      34
      55
      34
      40
      42
      30
      37
      46
      42
      48
      45
      32
      51
      49
      45
      41
      39
      40
      44
      54
      42
      46
      40
      55
      52
      41
      48
      53
      40
      36
      42
      45
      46
      47
      47
      47
      38
      53
      45
      51
      41
      37
      46
      45
      59
      43
      67
      55
      56
      48
      56
      55
      60
      50
      42
      60
      61
      53
      59
      49
      48
      51
      54
      57
      62
      52
      58
      39
      51
      44
      53
      54
      66
      46
      54
      57
      59
      46
      60
      63
      67
      59
      60
      55
      63
      56
      49
      56
      62
      53
      50
      52
      46
      43
      57
      51
      68
      55
      52
      46
      54
      58
      55
      53
      63
      63
      56
      49
      54
      60
      49
      60
      58
      58
      43
      53
      64
      47
      46
      45
      58
      55
      45
      40
      43
      49
      41
      41
      46
      56
      51
      47
      40
      47
      41
      49
      54
      41
      39
      37
      38
      45
      54
      45
      43
      39
      42
      40
      51
      43
      33
      31
      52
      29
      30
      35
      37
      49
      43
      33
      45
      34
      33
      43
      35
      33
      38
      31
      37
      45
      36
      52
      36
      28
      36
      39
      32
      30
      21
      34
      40
      37
      41
      29
      34
      26
      43
      32
      29
      29
      37
      21
      31
      23
      25
      30
      35
      34
      24
      20
      19
      24
      19
      22
      19
      25
      33
      42
      29
      31
      26
      21
      21
      24
      19
      23
      19
      18
      16
      21
      24
      26
      18
      13
      21
      20
      17
       7
      13
      15
      22
      12
      15
      16
      19
      16
      20
      15
      18
      13
      18
      18
      19
      13
      19
      18
      17
      19
      16
      12
      10
      15
      11
      14
      11
      13
      15
       7
       9
       8
      11
      10
       9
       9
       8
       6
       7
       6
      15
       8
       8
      10
       5
       8
       9
       8
       6
       6
      14
       6
       7
       4
       8
      11
       5
       6
       6
      12
       6
       8
       8
       5
       6
       7
       5
       5
       4
       3
       4
       2
       2
       3
       5
       5
       4
       3
       6
       2
       7
       6
       3
       3
       1
       3
       0
       3
       4
       2
       3
       0
       3
       2
       1
       2
       1
       2
       1
       2
       3
       3
       1
       0
       0
       5
       1
       1
       0
       2
       3
       1
       0
       5
       0
       1
       3
       1
       1
       0
       2
       0
       1
       1
       2
       0
       2
       0
       0
       0
       3
       1
       0
       1
       1
       1
       0
       3
       2
       0
       0
       1
       0
       1
       0
       0
       1
       0
       0
       3
       0
       1
       0
       2
       0
       0
       0
       1
       1
       0
       0
       1
       1
       0
       0
       0
       1
       0
       1
       1
       0
       0
       0
       0
       1
       1
       0
       0
       1
       0
       0
       0
       0
       1
       0
       0
       0
       1
       0
       0
       0
       0
       0
       0
       2
       1
       0
       0
       0
       0
       0
       0
       0
       0
       0
       0
       0
       0
       0
       0
       0
       1
       0
       0
       0
       0
       0
       0
       0
       0
       1
       0
       0
       0
       0
       1
       0
       0
       0
       0
       0
       1
       0
       0
       0
       0
       0
       1
       1
       0
       0
       1
       0
       0
       0
       0
       1
       0
       0
       0
       0
       0
       0
       0
       0
       0
       0
       0
       0
       0
       0
       0
       0
       0
       0
       0
       0
       0
       0
       0
       0
       0
       1
       1
       0
       1
       0
       0
       0
       0
       0
       1
       0
       1
       0
       0
       1
       0
       0
       0
       0
       2
       0
       0
       0
       0
       0
       0
       0
       0
       0
       0
       0
       0
       0
       0
       0
       0
       0
       0
       2
       0
       0
       0
       0
       0
       0
       0
       0
       0
       0
       0
       0
       0
       0
       0
       0
       0
       1
       0
       0
       0
       0
       0
       0
       0
       0
       0
       0
       0
       0
       0
       0
       0
       0
       0
       0
       0
       0
       0
       0
       0
       0
       0
       0
       0
       0
       0
       0
       0
       0
       0
       0
       0
       0
       0
       0
       0
       0
       0
       0
       1
       1
       1
       0
       0
       0
       0
       0
       0
       0
       0
       0
       0
       1
       0
       0
       0
       0
       0
       1
       0
       0
       0
       0
       0
       0
       0
       0
       1
       0
       0
       0
       0
       0
       0
       0
       0
       0
       0
       0
       0
       0
       1
       0
       1
       1
       0
       0
       0
       0
       0
       0
       1
       0
       0
       0
       0
       0
       0
       0
       0
       0
       0
       0
       0
       0
       0
       0
       0
       0
       0
       0
       0
       0
       0
       0
       1
       0
       0
       0
       0
       0
       0
       0
       0
       0
       0
       0
       0
       0
       0
       0
       0
       0
       0
       0
       0
       0
       0
       0
       0
       0
       0
       0
       0
       0
       0
       0
       0
       0
       0
       0
       0
       0
       0
       0
       0
       0
       1
       0
       0
       0
       0
       1
       0
       0
       0
       0
       1
       0
       0
       0
       0
       0
       0
       0
       0
       0
       0
       0
       0
       0
       0
       0
       0
       0
       0
       0
       0
       0
       0
       0
       0
       0
       0
       0
       0
       0
       0
       0
       0
       0
       0
       0
       0
       0
       0
       0
       0
       0
       0
       0
       0
       0
       0
       0
       0
       0
       0
       0
       0
       0
       0
       0
       0
       0
       0
       0
       0
       0
       0
       0
       0
       0
       0
       0
       0
       0
       0
       0
       0
       0
       0
       0
       0
       0
       0
       0
$ROI:
1
3179 3551
$PRESETS:
None
0
0
$ENER_FIT:
0.000000 0.200885
$MCA_CAL:
3
0.000000E+000 2.008851E-001 0.000000E+000 keV
$SHAPE_CAL:
3
8.321439E+001 0.000000E+000 0.000000E+000
