$SPEC_ID:
No sample description was entered.
$SPEC_REM:
DET# 2
DETDESC# FSGUNIV-O93LS3D Easy-MCA-8k SN 23293927
AP# Maestro Version 7.01
$DATE_MEA:
03/18/2024 09:39:32
$MEAS_TIM:
231 234
$DATA:
0 8191
       0
       0
       0
       0
       0
       0
       0
       0
      39
      71
      93
     126
     142
     154
     182
     177
     210
     205
     196
     237
     262
     290
     307
     319
     322
     343
     375
     428
     423
     492
     511
     514
     569
     615
     623
     687
     695
     675
     763
     745
     812
     804
     784
     919
     844
     840
     845
     919
     872
     848
     892
     847
     809
     677
     780
     736
     672
     613
     612
     562
     481
     463
     438
     382
     354
     354
     285
     259
     268
     230
     218
     196
     188
     153
     139
     136
     147
     127
     108
      90
     100
      77
      76
      83
      63
      71
      76
      72
      80
      68
      62
      67
      90
      64
      76
      66
      79
      77
      67
      76
      88
      72
      64
      68
      76
      83
      77
      72
      82
      77
      77
      79
      69
      62
      76
      73
      73
      76
      76
      72
      58
      78
      72
      78
      61
      69
      72
      89
      72
      73
      73
      80
      64
      72
      80
      60
      65
      73
      75
      62
      58
      83
      87
      64
      74
      75
      71
      75
      67
      70
      77
      50
      73
      74
      66
      76
      65
      58
      89
      61
      71
      75
      75
      53
      85
      66
      61
      72
      71
      79
      75
      72
      61
      68
      83
      74
      73
      91
      86
      77
      78
      78
      90
      69
      95
      61
      76
      80
      71
      79
      89
      80
      59
      76
      59
      84
      60
      65
      56
      74
      88
      65
      75
      87
      53
      85
      72
      70
      69
      75
      65
      73
      87
      72
      65
      82
      87
      78
      76
      64
      75
      69
      74
      81
      65
      65
      81
      72
      82
      91
      82
      70
      86
      53
      75
      74
      76
      70
      71
      83
      77
      69
      78
      72
      83
      73
      68
      67
      81
      90
      76
      89
      63
      87
      68
      71
      74
      76
      72
      88
      90
      88
      79
      77
      77
      66
      74
      79
      67
      83
      69
      69
      74
      81
      63
      73
      79
      64
      80
      76
      82
      90
      74
      87
      84
      89
      76
      90
      80
      83
      87
      71
      57
      63
      77
      71
      78
      87
      74
      83
      72
      79
      64
      81
      85
      75
      64
      83
      85
      72
      66
      75
      84
      78
      77
      85
      75
      85
      67
      86
      73
      81
      73
      69
      86
      83
      82
      83
      75
      77
      74
      77
      89
      91
      75
      66
      78
      79
      76
      94
      79
      73
      78
      72
      79
      81
      95
      56
      70
      80
      78
      77
      71
      71
      74
      72
      52
      86
      70
      82
      65
      64
      76
      73
      72
      75
      94
      80
      84
      74
      72
      92
      64
      88
      93
      90
      75
      83
      78
      95
      73
      91
      82
      76
      77
      76
      81
      68
      71
      87
      76
      65
      84
      74
      88
      80
      84
      70
      73
      83
      89
      73
      68
      83
      83
      68
      80
      70
      58
      80
      94
     105
      78
      80
      77
      61
      76
      90
      68
      78
      75
      70
      99
      79
      78
      70
      86
      75
      73
      79
      69
      83
      67
      71
      80
      77
      65
      70
      92
      67
      76
      68
      84
      78
      69
      71
      79
      77
      64
      64
      89
      77
      78
      79
      71
      78
      79
      71
      75
      83
      65
      65
      77
      60
      69
      95
      63
      71
      69
      64
      80
      76
      83
      74
      71
      82
      95
      79
      84
      71
      77
      67
      76
      68
      67
      79
      76
      63
      79
      84
      54
      63
      71
      79
      63
      72
      90
      65
      79
      81
      88
      73
      97
      68
      61
      74
      60
      78
      90
      65
      75
      85
      77
      56
      79
      68
     100
      83
      75
      84
      88
      84
      60
      96
      68
     101
      75
      87
      73
      73
      57
      71
      78
      85
      79
      87
      82
      75
      78
      70
      88
      72
      80
      82
      71
      77
      84
      85
      50
      72
      73
      80
      69
      85
      78
      78
      81
      80
      64
      83
      74
      61
      74
      82
      73
      74
      83
      63
      84
      76
      87
      58
      76
      79
      62
      72
      67
      86
      61
      92
      79
      85
      76
      89
      80
      75
      79
      70
      75
      85
      66
      82
      73
      92
      81
      90
      82
      83
      71
      71
      87
      65
      80
      87
      62
      67
      73
      71
      65
      83
      79
      77
      80
      76
      72
      82
      68
      68
      80
      88
      76
      79
      75
      68
      64
      75
      73
      70
      90
      69
      69
      74
      68
      64
      61
      89
      77
      76
      81
      59
      86
      70
      81
      88
      88
      63
      90
      80
      67
      66
      83
      81
      85
      77
      74
      86
      83
      69
      85
      76
      75
      83
      67
      93
      75
      68
      58
      82
      84
      81
      74
      75
      79
      70
      70
      77
      75
      70
      81
      83
      86
      78
      62
      69
      63
      88
      61
      79
      80
      81
      70
      78
      64
     103
      81
      84
      92
      89
      74
      65
      83
      67
      83
      76
      79
      69
      88
      82
      67
      62
      64
      72
      65
      68
      63
      76
      83
      85
      85
      76
      66
      68
      81
      67
      81
      84
      94
      80
      81
      77
      84
      83
      75
      85
     100
      86
      72
      89
      72
      81
      79
      71
      67
      69
      74
      68
      75
      83
      69
      62
      91
      78
      73
      83
      91
      83
      94
      74
      85
      74
      90
      66
      78
      82
      95
      75
      79
      92
      93
      53
      75
      61
      89
      89
      86
      94
      79
      82
      59
      78
      71
      82
      81
      72
      83
      74
      68
      84
      80
      71
      68
     101
      76
      63
      86
      76
      86
      88
      76
      89
      78
      84
      77
      83
      73
      73
     106
      74
      94
      89
      78
      66
      68
      86
      74
      81
      81
      79
      80
      88
      78
      81
      92
      98
      88
      92
      95
      73
      82
      81
      84
      92
      74
      81
      87
      65
      75
      80
      75
      93
      97
      76
      78
      87
      91
      86
      72
      68
      86
      93
      82
      78
      93
      74
      67
      72
      77
      69
      77
      80
      77
      75
      73
      81
      90
      79
      91
      86
      89
      89
      77
      79
      66
      73
      78
      91
      78
      90
      91
      77
      75
      67
      91
      85
      93
      80
      69
      91
      69
      84
      72
      85
      84
      71
      77
      79
      84
      71
      99
      84
      68
      87
      89
      77
      86
      96
      78
      85
      80
      94
      94
      75
      78
      81
      92
      76
      73
      68
      87
      88
      85
      95
      72
      80
      79
      81
      70
      97
      90
      67
      90
      84
      85
      79
      78
      74
      99
      77
      93
      69
      73
      77
      76
      89
     102
      79
      82
      94
      81
      80
      74
      75
      75
      72
      78
      74
      68
      75
      78
      78
      77
      86
      87
      71
      87
      74
      63
      74
     100
      94
      73
      81
      90
      78
      74
      77
      87
      79
      81
      80
      68
      86
      80
      72
      69
      87
      77
      78
      78
      75
      85
      69
      83
      64
      70
      75
      84
      72
      87
      88
      77
      99
      69
      73
      82
      89
      91
      69
      84
      78
      81
      77
      77
      69
      95
      71
      89
      67
      91
      90
      85
      75
      75
      76
      85
      94
      88
      80
      77
     101
      87
      80
      86
      84
      78
      76
     103
      95
      87
      73
      84
      73
      79
      82
      88
      80
     100
      78
      95
      76
      87
      91
     101
      92
      78
      91
      94
      84
      69
      95
     101
      78
      91
      90
      73
      77
      73
      82
      75
      76
      82
      91
      66
      76
      73
      83
      84
      81
      87
      66
      88
      91
      85
      79
      85
      75
      74
      67
      95
      62
      76
      85
      69
      74
      81
      92
      78
      75
      83
      90
      77
      72
      69
      65
      88
      93
     109
      77
      83
      73
      98
      90
      90
      70
      78
      84
      80
      82
      92
      74
      71
      78
      78
      80
      81
      86
      80
      92
      93
      78
      97
      71
      78
      76
      98
      97
      85
      83
      89
      61
      78
      79
      87
      71
      92
      70
      72
      68
      85
      85
      66
      84
      92
      98
      70
      75
      83
      96
      90
      82
      77
      82
      76
      76
      88
      72
      90
      79
      64
      80
      80
      82
      88
      73
      83
      63
      86
      85
      84
      76
      76
      87
      90
      83
      73
      96
      75
      99
      86
      82
     102
      77
      97
      72
      85
      69
      81
      93
      73
      79
      88
      93
      76
      79
      86
      85
      87
      63
      85
      90
      72
      74
      87
      80
      87
     107
      93
      78
      77
      77
      87
      74
      88
      92
      85
     104
      78
      80
      93
      85
      81
     101
      83
      88
     104
      80
      82
      75
      87
      79
      92
      77
      82
      77
      95
      92
      89
      83
      89
      80
      74
      84
      85
      87
      80
      82
      98
      89
     100
      75
     105
      79
      92
      88
     108
     100
      75
      88
      87
      86
      88
      96
      85
      86
      83
      69
      83
      89
      89
      97
      91
      80
      81
      83
      81
      80
      67
      88
      85
     112
     110
      79
      99
      92
      90
      94
      74
      95
      90
      93
      78
      93
      98
      91
      85
      91
      84
      97
      77
      85
      95
      88
     106
      97
      86
      69
     101
      87
      86
      97
     101
      67
      85
      89
     100
      87
      97
      88
      86
      77
      90
      89
      79
      85
      86
      87
      87
      75
      79
      95
      92
      96
      68
      82
      85
      94
      81
      95
      96
      85
      89
      98
      81
      78
     102
      86
      83
      89
      96
     100
      87
      97
      96
      98
      90
      93
      98
      90
      79
      83
      96
      85
     106
      94
      87
      95
     109
      83
      91
      73
      89
      87
      87
      87
     100
     115
      69
      91
      85
      87
      99
      81
      79
     108
     105
      97
      92
      99
      94
      94
     104
      90
      89
      79
     103
     101
      92
      89
      92
      90
     104
      83
      82
      90
      80
     100
      94
      92
      86
      91
      99
      90
      82
      83
     107
      91
      92
      82
      87
      84
      88
      97
      95
      71
      89
      82
      91
      88
      80
      77
      89
      88
      82
      78
      81
     101
      99
      98
      80
      93
      89
      80
      83
      78
      80
      79
      95
      78
      88
      84
      93
      99
      92
      94
      86
      83
     108
     102
      91
      84
     102
      90
      85
     101
     104
      93
      91
     102
      90
      94
      83
      83
     103
      87
     114
      94
      77
      90
      83
      88
      85
      84
      82
      82
      89
      79
      88
      77
      75
      90
      97
      76
      82
      99
      73
      80
      81
      96
      85
      81
      80
      80
      79
      86
      96
      85
      82
      90
      95
      91
      86
      76
      95
      72
     106
      90
      78
      87
      84
      79
      82
      99
      77
     100
      90
      87
      92
      91
      98
      91
      63
      87
      94
     110
      93
      75
      86
     106
     100
      96
      92
      74
      90
      80
      89
      94
      80
      87
      69
      74
     100
      91
      97
      73
      81
      91
      76
      78
      99
     105
      94
      96
     101
      79
      71
      80
     105
      83
      92
      89
      83
      91
      85
      94
      72
      89
      79
      84
     100
      84
      85
     102
      99
      81
      96
      95
      89
      99
      72
      76
      81
      70
      77
      92
      96
      93
      84
      87
      98
      94
      97
      95
      77
      84
      87
     106
      90
      97
     111
      85
     103
      92
     101
      74
      99
      89
      85
      77
      87
      98
      74
      86
      81
      86
      96
      80
      88
      76
     110
      81
      94
      91
      88
      89
      79
      83
      79
      83
      91
      98
      87
      80
      93
      98
      86
      94
      96
      82
      92
      77
     103
     112
      78
      87
      91
      84
      93
      82
      98
      96
      93
      98
      88
      75
      98
      81
      77
      88
     103
      85
      76
      88
      83
      95
      77
      90
      90
     101
      87
     102
      85
      91
      91
      81
     116
      81
      86
      97
      81
     105
      89
     112
      68
      87
     103
      83
      88
     101
      98
      90
     103
      85
      96
     100
     106
      85
      90
      83
      95
      97
      82
      97
     112
      90
      86
     101
      89
      93
      99
      81
     106
      83
     100
      84
      87
     113
      95
      96
     101
      82
     113
     103
      92
     107
      83
     107
     103
      81
     105
     103
     101
     100
      90
      97
      88
      93
     102
     105
     100
     101
      87
      76
      91
     108
      87
      89
     113
      84
      93
     101
     107
      96
      79
     102
     109
      89
      81
      86
      96
      85
     108
      95
     113
      97
      97
     111
     105
     106
     107
      97
     101
      91
     105
     100
      87
      88
     100
      99
      90
      92
      93
     112
     102
     111
      96
      99
      91
      91
      86
     101
     104
     102
     108
      90
      91
      91
      85
     103
     101
     104
     101
      95
     103
     110
      90
      98
      97
     108
     108
     110
     105
     105
      99
      99
     106
     119
     105
     100
     101
     110
     112
     119
     107
     122
      96
     104
     101
     101
      90
     108
     101
      96
     127
     120
      99
     107
     116
     109
      98
     103
     112
     100
      98
      94
      97
     106
     103
     107
     100
      99
     103
     110
      87
     102
      94
      98
      93
     115
     106
      95
     117
     126
     112
     112
     119
     110
      92
      99
     118
     111
     117
     109
      95
     107
     113
      90
     118
     105
     109
     108
      93
     109
     111
     134
      94
     104
     104
     111
     115
     102
     103
     119
     109
     111
     111
      94
     124
     107
     110
     104
     111
     102
     113
      94
     111
      88
     100
      89
     105
     106
      94
     103
      99
     114
     101
     112
     100
     109
      98
     109
     114
     118
      90
     116
     106
     110
     109
     116
     121
      98
     105
     106
     129
     114
     103
     110
     108
     123
     113
     100
     107
     113
     129
     115
      97
     105
     129
     105
     116
     108
     114
     112
      90
     100
     116
      97
     101
     120
     119
     108
     112
     120
     100
     101
     130
     115
      95
     106
     118
     107
      78
     120
      97
     117
     103
     105
     111
     116
     101
     113
     103
     112
     118
     124
      89
     111
     127
     112
     110
     121
     109
     101
      97
      99
      92
     118
      99
      89
     107
     116
     114
     122
     106
     105
     126
     121
     100
     108
     131
     117
     107
     108
     125
     111
      99
      98
     102
     106
     108
     100
      91
     126
     114
     113
     124
     102
     117
     116
     104
      99
     117
     104
     109
     125
     105
     125
      92
     110
     101
     127
     130
     103
      89
     110
     119
     120
     113
     126
     121
     119
     116
     113
      94
     104
     100
     111
      93
     135
     104
     121
      93
      97
     109
     120
     121
     117
     119
     100
     112
     115
     114
     128
     110
     116
     109
     113
      97
     130
     107
     109
      96
     115
     100
     123
     117
     112
     124
     105
     106
     124
      88
     108
     120
     136
     131
     104
     124
     121
     123
     128
      98
     116
      98
     108
     113
     107
     121
      98
     117
     120
     110
     100
     113
     113
      94
      93
     111
     110
     103
     119
     109
      93
     115
     121
      97
     113
     104
      94
     107
     111
     126
     104
     128
     105
     106
     104
      99
     108
     117
     101
     112
     135
     110
     104
     116
     105
     118
      90
      92
     120
     111
     112
     110
      96
     114
      98
     100
      95
     103
     126
     102
     109
     109
     110
     101
     117
      99
     119
     104
     105
     115
     109
     132
     128
     111
     100
     113
      86
     115
     104
      91
     106
     110
      93
     104
     102
     107
      99
     102
     119
     116
      98
     127
     109
     100
     105
     114
     113
     115
      94
      96
     101
      92
      98
     105
     116
     122
      93
     128
      97
     113
     113
      95
     106
     114
     109
     129
      96
      91
     122
     127
     103
      91
     108
     112
      99
      93
     110
     106
     119
      97
     100
     119
     130
      98
     106
      92
     114
     116
     101
     123
     130
      96
     111
     110
      98
     126
     125
     113
      95
      89
     101
      94
     100
     101
     107
      91
     107
     103
     103
     106
     111
     123
      99
     108
     114
     116
      97
      95
      98
     102
     103
     108
      81
      99
     117
     109
     103
     108
      98
     122
     107
      97
     107
     105
      92
     110
      79
     113
      97
     112
     115
     101
     101
     115
     102
      92
     122
     118
     106
      99
     110
     108
      99
     104
     105
      95
     108
      91
     122
     100
     117
      98
      96
      94
      99
      91
     121
     117
      99
      93
     117
      98
     114
      98
      93
     127
     101
     119
      96
     101
      99
     112
     102
     114
     113
     107
      96
     107
      98
     104
      93
      95
     107
     106
     107
     103
      88
      97
      90
      99
      86
      94
      94
     117
      78
     109
      93
      92
     108
      89
      95
      87
      94
     100
      85
     103
     104
     100
     114
     108
     107
      96
      98
     100
     108
     117
     116
      87
     107
     106
      95
      97
     105
      83
     101
     106
     103
     102
      93
      90
     102
     102
     112
     108
     110
     107
     104
     103
      82
     106
     102
      92
     106
      91
     122
      91
      99
     123
     111
      96
      94
     110
     114
     108
     104
      95
      98
      98
     110
     106
      98
      86
      94
     101
      90
     109
      88
     106
     119
     110
      95
      90
     102
     101
     115
      99
      86
      93
     107
     126
      97
     110
      95
     105
     101
      87
      90
     120
     110
      91
     102
      96
      97
     109
     118
      99
      93
     109
      93
      78
     100
      97
      76
      99
     107
      99
     109
     105
     114
     104
     108
     116
      90
     111
     111
     116
     112
      91
      85
     100
     109
      95
     101
      86
      81
      86
      91
      95
      88
      93
     107
      88
      80
     100
      93
     100
      89
     100
      84
      88
      76
      73
     107
      97
     104
      75
      80
      93
      84
      87
      93
     106
      82
      95
      95
      86
     103
     119
     111
     100
      86
     101
      80
      90
     104
     113
      82
      95
      91
      95
      83
      87
      96
     103
     101
      90
      85
      98
      79
      75
     102
      93
      82
      91
      84
      82
      96
      93
      97
      91
      99
     109
      93
      92
      88
      98
      94
      91
     105
      89
     112
      84
      97
      83
      99
     101
      96
      57
      91
      94
      93
      86
      95
      98
      92
      91
     113
      90
      77
      90
      88
      76
      89
      96
      82
      96
     103
      94
      87
      75
      85
     101
     105
      88
      93
     100
      88
      75
      82
     102
      90
     105
      95
     105
      88
      83
      86
      97
      88
      87
      92
     120
      80
      82
      99
      84
      85
      90
      89
      90
     107
      93
      88
      86
      97
     100
     108
      83
      87
      83
      85
      99
      84
      69
      93
      84
      94
     101
      94
     101
      74
      91
      86
      83
      92
      91
      85
      82
      86
     107
      98
      87
      81
      92
      97
     111
      80
      92
      82
      80
      99
      96
     100
      90
      85
      88
      79
      89
      81
      92
      79
     101
      78
     103
      93
      73
      73
      80
      74
      85
      89
     101
      99
      81
      89
      92
      72
      91
      92
      92
      92
      86
      80
      92
      91
      83
      87
      84
      90
     102
      86
      94
      93
      93
      83
      81
      80
      93
     108
      74
      94
      82
      86
      84
      76
      85
      88
      79
      89
      93
      98
      94
      78
      75
     102
      80
      91
      99
      88
      82
      96
      96
      72
      82
      83
      85
      99
      86
      80
      94
      74
      76
      82
      83
      72
      83
      95
      94
      94
      76
      94
      84
      91
      80
      95
      74
      84
      81
      85
      96
      98
      92
      71
      90
      80
      88
      75
      55
      92
      79
      92
      66
      84
      87
      86
      86
      78
      91
      89
      89
      87
      78
      82
      87
      81
      90
      92
      75
      98
      87
      64
      79
      83
      99
      64
      79
      71
      79
      86
     102
      93
      85
      66
      90
      73
      71
      79
      71
      90
      74
      95
      87
      74
      88
      70
      86
      79
      83
      82
      99
      92
      67
      88
      86
      97
      73
      90
      95
      84
      79
      81
      84
      93
      82
      94
      98
      89
      80
      98
      87
      92
      70
      90
      72
      81
      85
      90
      86
      93
      78
      96
      63
      90
      83
      87
      74
      78
      80
      87
      74
      92
      77
      94
      72
      85
      87
      76
      81
      83
      77
      96
      86
      80
      94
      86
      93
      87
      83
      77
      93
      67
      68
      62
      81
      69
      88
      78
      92
      90
      65
      83
      93
      77
      84
      88
      77
      80
      79
      78
      90
      97
      91
      74
      82
      66
      70
      88
      79
      83
      73
      79
      81
      87
      78
      86
      73
      89
      74
      57
      88
      81
     101
      78
      82
      79
      90
     106
      75
      80
      70
      74
      83
      72
      70
      80
      76
      74
      65
      79
      80
      79
      73
      89
      80
      91
      74
      92
      78
      75
      53
      77
      88
      81
      59
      89
      77
      82
      94
      68
      83
      63
      95
      89
      82
      76
      59
      71
      73
      78
      88
      85
      89
      68
      81
      69
      80
      78
      89
      82
      61
      76
      84
      79
      68
      85
      83
      78
      65
      71
      90
      91
      74
      89
      68
      68
      80
      82
      63
      75
      73
      76
      68
      76
      76
      71
      78
      65
      60
      80
      67
      87
      94
      79
      88
      81
      70
      70
      83
      75
      73
      84
      74
      70
      83
      70
      68
      68
      71
      79
      71
      75
      68
      85
      77
      81
      78
      77
      84
      76
      77
      70
      61
      79
      69
      73
      81
      87
      75
      87
      81
      74
      80
      68
      71
      69
      61
      68
      79
      83
      76
      80
      82
      76
      79
      79
      69
      76
      81
      84
      66
      79
      83
      61
      75
      68
      64
      77
      93
      88
      69
      61
      70
      72
      74
      67
      69
      78
      64
     111
      88
      89
      90
      73
      66
      78
      73
      76
      78
      86
      62
      67
      64
      69
      77
      78
      78
      72
      63
      71
      88
      61
      68
      71
      84
      70
      70
      50
      89
      68
      84
      76
      75
      70
      77
     100
      84
      85
      81
      80
      74
      72
      76
      72
      79
      88
      86
      86
      70
      75
      63
      75
      72
      79
      78
      86
      84
      60
      80
      79
      81
      74
      82
      70
      84
      68
      71
      73
      71
      80
      91
      61
      69
      98
      93
      92
      66
      81
      64
      78
      84
      87
      75
      80
      72
      79
      78
      73
      74
      87
      78
      67
      68
      84
      86
      77
      73
      82
      66
      68
      84
      71
      75
      74
      83
      84
      69
      76
      76
      73
      84
      91
      64
      68
      79
      76
      74
      67
      63
      93
      65
      75
      72
      71
      85
      83
      79
      86
      68
      62
      75
      80
      66
      75
      81
      69
      65
      73
      88
      82
      89
      66
      67
      70
      70
      67
      81
      83
      86
      69
      67
      65
      85
      72
      76
      69
      77
      62
      77
      87
      75
      67
      73
      62
      58
      71
      74
      69
      99
      74
      65
      71
      80
      83
      88
      88
      82
      70
      83
      78
      79
      66
      83
      57
      86
      87
      69
      70
      74
      93
      56
      65
      69
      87
      59
      64
      73
      85
      75
      76
      82
      71
      69
      67
      75
      74
      72
      91
      76
      80
      77
      64
      77
      84
      78
      69
      66
      64
      76
      90
      61
      77
      64
      68
      78
      94
      89
      77
      87
      72
      71
      61
      73
      50
      79
      79
      86
      73
      84
      62
      67
      82
      78
      74
      71
      64
      88
      73
      72
      71
      55
      72
      74
      66
      86
      58
      75
      78
      78
      83
      78
      80
      63
      83
      71
      70
      72
      74
      69
      57
      83
      69
      73
      75
      75
      73
      69
      68
      79
      75
      76
      62
      74
      71
      70
      77
      70
      60
      85
      77
      82
      76
      70
      70
      57
      77
      81
      67
      88
      76
      88
      81
      79
      66
      64
      81
      77
      76
      78
      70
      82
      75
      63
      93
      70
      73
      87
      70
      73
      73
      77
      82
      89
      84
      83
      79
      74
      79
      78
      73
      57
      77
      87
      80
      67
      70
      59
      76
      76
      76
      62
      91
      99
      63
      81
      84
      89
      52
      78
      69
      59
      68
      70
      70
      72
      93
      62
      57
      84
      80
      81
      82
      74
      64
      82
      61
      62
      71
      69
      88
      65
      57
      68
      83
      74
      56
      83
      78
      76
      70
      79
      81
      82
      69
      60
      66
      62
      68
      79
      65
      55
      67
      65
      74
      64
      63
      79
      64
      61
      71
      81
      82
      76
      82
      57
      85
      61
      79
      68
      75
      67
      75
      68
      70
      82
      67
      63
      78
      76
      72
      61
      48
      63
      63
      75
      67
      63
      74
      65
      62
      69
      82
      76
      76
      73
      56
      92
      65
      73
      61
      61
      79
      74
      65
      66
      60
      55
      64
      67
      70
      62
      60
      61
      62
      75
      75
      78
      76
      61
      64
      58
      57
      70
      73
      61
      71
      59
      81
      64
      63
      73
      67
      57
      74
      59
      63
      59
      59
      63
      57
      67
      78
      66
      62
      60
      68
      66
      73
      64
      58
      75
      61
      63
      66
      57
      67
      65
      64
      72
      70
      63
      71
      60
      61
      68
      65
      67
      80
      65
      57
      49
      70
      56
      71
      45
      76
      56
      54
      60
      54
      56
      56
      71
      48
      45
      66
      59
      54
      69
      68
      56
      59
      48
      43
      65
      55
      69
      62
      48
      58
      54
      44
      57
      62
      61
      62
      47
      60
      62
      67
      57
      48
      55
      56
      61
      69
      58
      65
      55
      52
      56
      52
      64
      67
      64
      55
      57
      58
      55
      62
      67
      63
      49
      59
      52
      54
      68
      61
      45
      54
      38
      60
      72
      68
      67
      67
      59
      60
      42
      48
      67
      41
      46
      65
      54
      62
      64
      48
      61
      53
      53
      63
      58
      61
      63
      56
      69
      58
      43
      58
      59
      61
      61
      62
      55
      52
      51
      54
      54
      55
      53
      52
      57
      49
      54
      53
      47
      53
      45
      51
      46
      66
      45
      46
      47
      57
      61
      45
      49
      45
      58
      57
      57
      46
      55
      39
      47
      75
      36
      51
      50
      61
      36
      42
      47
      57
      41
      52
      48
      40
      50
      58
      49
      46
      48
      46
      53
      47
      43
      41
      42
      39
      63
      50
      52
      49
      42
      59
      47
      56
      51
      45
      47
      46
      59
      45
      54
      53
      45
      44
      47
      46
      36
      44
      45
      47
      36
      48
      52
      37
      50
      39
      42
      53
      60
      53
      38
      58
      48
      40
      46
      42
      54
      44
      45
      42
      39
      47
      29
      56
      47
      39
      42
      51
      54
      42
      39
      56
      32
      51
      47
      50
      37
      38
      48
      51
      49
      52
      36
      43
      44
      36
      37
      53
      43
      41
      55
      54
      36
      46
      48
      45
      45
      42
      45
      44
      31
      44
      42
      48
      53
      35
      39
      42
      38
      36
      38
      55
      37
      43
      27
      36
      42
      28
      49
      37
      36
      32
      46
      43
      52
      42
      42
      22
      44
      36
      39
      41
      39
      44
      44
      49
      45
      56
      53
      42
      44
      39
      39
      38
      46
      40
      31
      39
      35
      36
      40
      40
      44
      37
      36
      44
      41
      36
      26
      29
      46
      40
      37
      50
      38
      32
      37
      33
      24
      35
      41
      43
      36
      39
      31
      44
      44
      32
      40
      37
      37
      48
      40
      32
      39
      33
      36
      37
      33
      34
      30
      36
      35
      38
      44
      45
      32
      48
      42
      39
      28
      33
      35
      34
      35
      35
      34
      29
      37
      33
      33
      31
      41
      36
      43
      33
      45
      37
      29
      35
      25
      36
      38
      34
      46
      41
      29
      34
      36
      34
      38
      26
      36
      30
      37
      38
      49
      49
      36
      32
      40
      28
      32
      34
      23
      31
      38
      38
      32
      39
      33
      40
      35
      31
      20
      34
      34
      34
      31
      24
      31
      37
      33
      31
      35
      30
      45
      30
      38
      38
      28
      42
      42
      32
      29
      41
      36
      23
      43
      37
      31
      48
      26
      36
      29
      40
      38
      37
      41
      34
      45
      28
      38
      34
      40
      33
      24
      36
      46
      33
      22
      26
      41
      31
      29
      38
      39
      33
      38
      34
      40
      28
      25
      32
      30
      26
      31
      23
      35
      40
      30
      31
      29
      17
      34
      44
      33
      32
      38
      29
      40
      36
      31
      34
      33
      37
      33
      33
      22
      38
      30
      42
      40
      34
      28
      29
      23
      29
      33
      28
      37
      38
      34
      29
      45
      26
      28
      38
      21
      30
      35
      27
      27
      29
      38
      38
      37
      31
      43
      31
      45
      26
      33
      24
      31
      32
      35
      28
      27
      28
      26
      26
      33
      25
      32
      39
      32
      31
      34
      33
      31
      25
      36
      32
      30
      35
      26
      40
      20
      35
      32
      38
      36
      42
      33
      26
      31
      30
      25
      27
      33
      36
      27
      35
      36
      31
      31
      32
      35
      31
      32
      32
      24
      31
      32
      33
      29
      29
      30
      29
      31
      30
      31
      28
      26
      28
      30
      35
      27
      34
      26
      24
      24
      30
      36
      28
      31
      27
      30
      33
      38
      23
      33
      33
      30
      44
      29
      36
      34
      35
      45
      36
      30
      30
      31
      35
      31
      32
      31
      21
      24
      39
      39
      27
      32
      31
      25
      27
      27
      23
      28
      27
      31
      28
      27
      30
      24
      29
      34
      28
      27
      21
      31
      35
      25
      31
      38
      26
      23
      33
      26
      32
      30
      20
      24
      30
      35
      26
      34
      29
      31
      42
      29
      16
      28
      37
      31
      23
      28
      24
      33
      29
      29
      26
      17
      26
      30
      24
      26
      34
      27
      31
      23
      24
      23
      14
      34
      34
      23
      26
      25
      28
      22
      26
      25
      31
      22
      26
      24
      30
      30
      22
      31
      26
      35
      31
      32
      27
      25
      26
      17
      29
      37
      29
      32
      31
      38
      28
      40
      18
      20
      35
      34
      32
      29
      30
      26
      32
      26
      34
      33
      25
      31
      30
      31
      34
      33
      28
      31
      21
      30
      35
      32
      32
      31
      31
      26
      23
      28
      26
      31
      29
      30
      22
      26
      33
      34
      26
      33
      27
      27
      24
      34
      36
      26
      28
      30
      36
      32
      19
      27
      31
      22
      27
      22
      27
      22
      28
      29
      33
      28
      27
      23
      25
      30
      28
      44
      34
      25
      34
      30
      32
      27
      28
      32
      24
      23
      30
      28
      27
      23
      18
      31
      30
      34
      29
      32
      31
      25
      20
      31
      27
      27
      22
      30
      32
      26
      38
      26
      26
      25
      27
      29
      27
      25
      34
      22
      23
      25
      19
      27
      30
      23
      23
      23
      36
      37
      32
      25
      28
      32
      31
      29
      51
      27
      43
      27
      19
      33
      15
      27
      22
      34
      26
      28
      37
      35
      30
      29
      24
      32
      24
      34
      35
      22
      20
      30
      39
      32
      24
      27
      29
      22
      24
      23
      27
      31
      27
      27
      35
      37
      23
      29
      33
      18
      28
      24
      18
      24
      27
      33
      36
      31
      31
      27
      27
      31
      27
      19
      23
      21
      26
      32
      25
      32
      23
      26
      38
      25
      33
      24
      35
      32
      24
      39
      37
      37
      28
      30
      42
      30
      36
      34
      33
      17
      28
      29
      37
      41
      25
      25
      24
      33
      32
      27
      34
      34
      24
      22
      25
      26
      29
      32
      23
      21
      24
      23
      20
      25
      30
      32
      22
      21
      31
      23
      29
      34
      31
      30
      38
      28
      26
      36
      30
      32
      35
      36
      33
      24
      39
      28
      36
      42
      28
      23
      29
      22
      18
      40
      35
      25
      34
      30
      28
      32
      28
      35
      30
      36
      14
      34
      25
      31
      33
      35
      27
      34
      26
      28
      35
      29
      34
      32
      40
      22
      27
      31
      29
      38
      27
      29
      24
      25
      24
      37
      31
      30
      31
      36
      39
      25
      32
      27
      36
      35
      27
      37
      26
      27
      27
      38
      22
      23
      26
      23
      34
      33
      29
      44
      27
      28
      33
      24
      42
      28
      15
      31
      29
      28
      33
      27
      38
      23
      25
      31
      29
      31
      33
      27
      29
      33
      32
      32
      33
      18
      29
      39
      28
      33
      39
      21
      23
      25
      25
      33
      30
      27
      36
      39
      31
      34
      26
      33
      33
      29
      26
      32
      27
      34
      37
      34
      30
      29
      35
      34
      31
      29
      46
      34
      34
      27
      41
      34
      31
      45
      39
      30
      40
      36
      37
      24
      35
      22
      27
      37
      32
      35
      27
      42
      27
      27
      36
      32
      45
      32
      35
      32
      35
      31
      38
      38
      33
      38
      29
      35
      36
      39
      36
      36
      36
      40
      46
      30
      31
      25
      45
      43
      30
      36
      37
      36
      33
      37
      44
      41
      32
      40
      35
      39
      40
      34
      32
      32
      29
      32
      42
      34
      42
      39
      40
      40
      31
      37
      39
      30
      43
      29
      35
      29
      35
      42
      28
      30
      38
      37
      36
      41
      36
      40
      32
      39
      37
      37
      41
      41
      35
      36
      36
      46
      26
      37
      46
      34
      49
      45
      31
      44
      34
      29
      37
      27
      38
      40
      34
      27
      44
      41
      23
      34
      40
      40
      28
      40
      40
      42
      41
      44
      42
      29
      45
      57
      41
      34
      50
      41
      32
      39
      45
      45
      50
      50
      33
      37
      24
      31
      29
      38
      48
      35
      41
      37
      34
      40
      36
      37
      38
      38
      27
      38
      47
      44
      32
      34
      35
      42
      44
      38
      38
      37
      40
      40
      45
      48
      44
      37
      40
      50
      52
      32
      41
      38
      41
      57
      42
      41
      46
      44
      42
      46
      33
      37
      31
      48
      42
      40
      40
      33
      44
      32
      42
      55
      54
      38
      52
      37
      45
      43
      36
      39
      48
      40
      49
      36
      40
      49
      52
      27
      39
      41
      38
      41
      52
      51
      34
      55
      59
      42
      40
      50
      51
      45
      48
      43
      47
      41
      59
      36
      46
      47
      54
      47
      54
      52
      42
      48
      60
      53
      50
      61
      45
      42
      44
      57
      52
      35
      49
      51
      44
      50
      47
      41
      51
      50
      54
      45
      44
      53
      48
      42
      55
      43
      55
      49
      57
      56
      58
      57
      55
      51
      60
      59
      49
      64
      52
      46
      50
      57
      59
      53
      48
      59
      63
      47
      62
      51
      61
      48
      59
      61
      63
      69
      66
      42
      61
      59
      60
      66
      56
      49
      58
      56
      68
      57
      60
      48
      64
      50
      60
      66
      62
      60
      57
      67
      56
      76
      66
      73
      62
      58
      78
      49
      74
      72
      62
      53
      67
      51
      47
      74
      68
      67
      67
      73
      63
      59
      50
      78
      58
      61
      67
      66
      62
      66
      62
      67
      65
      58
      67
      78
      80
      87
      76
      69
      79
      88
      71
      64
      82
      74
      90
      90
      79
      85
      89
      72
      72
      64
      89
      74
      78
      71
      74
      62
      76
      68
      73
      96
      80
      91
      89
      76
      92
      69
      76
      81
      87
      97
      81
      82
      92
     100
      82
     102
      86
      87
      91
      88
     102
      87
      81
      84
      94
      89
      70
      97
      86
      96
      78
      85
      80
      86
      95
      91
      91
      94
      87
      79
     102
     112
      83
      97
      97
      94
     107
      88
     102
      99
     111
     110
     117
      74
     115
      99
     108
      99
      86
      95
     114
      96
      99
      94
      92
     107
      81
     121
      98
      99
     107
      76
     101
     101
     106
     106
     110
      99
     112
     104
     102
     112
     110
     114
      98
     111
     115
     104
     111
     103
     104
     112
     130
     110
     111
     114
      97
     119
     110
     122
     106
     121
     117
     130
     120
     116
     110
     122
     129
     108
     128
     100
     120
     135
     108
     135
     134
     123
     126
     115
     137
     125
     140
     146
     108
     104
     132
     136
     130
     137
     139
     133
     152
     136
     122
     122
     144
     124
     122
     154
     168
     143
     118
     143
     132
     154
     142
     128
     148
     134
     123
     163
     141
     115
     135
     166
     172
     148
     155
     138
     146
     148
     151
     143
     147
     153
     162
     158
     143
     163
     166
     169
     153
     166
     130
     150
     143
     174
     152
     145
     165
     147
     165
     144
     150
     174
     163
     151
     160
     178
     164
     164
     140
     172
     180
     156
     166
     170
     167
     155
     162
     154
     152
     157
     160
     160
     162
     179
     188
     174
     170
     157
     160
     160
     180
     183
     168
     185
     197
     181
     191
     181
     154
     188
     164
     183
     185
     154
     181
     192
     196
     190
     207
     183
     190
     176
     182
     173
     224
     211
     185
     191
     206
     161
     171
     201
     190
     191
     209
     208
     202
     179
     202
     190
     208
     180
     205
     206
     227
     214
     214
     187
     212
     182
     215
     179
     188
     203
     216
     207
     201
     195
     226
     174
     216
     209
     218
     218
     208
     221
     216
     213
     214
     194
     203
     226
     225
     226
     218
     227
     227
     225
     217
     233
     207
     234
     209
     217
     226
     192
     232
     247
     214
     217
     203
     227
     229
     222
     205
     196
     249
     257
     240
     232
     225
     240
     210
     221
     235
     230
     221
     230
     220
     232
     242
     251
     241
     227
     283
     246
     214
     228
     239
     216
     258
     211
     244
     250
     237
     240
     209
     256
     241
     259
     257
     241
     233
     252
     218
     243
     246
     222
     231
     236
     266
     245
     246
     238
     241
     232
     276
     255
     228
     243
     246
     236
     262
     246
     228
     225
     250
     254
     256
     231
     219
     233
     248
     249
     230
     239
     259
     245
     248
     247
     264
     263
     219
     269
     226
     221
     267
     232
     246
     285
     240
     244
     241
     223
     250
     263
     242
     245
     272
     231
     233
     237
     251
     262
     263
     260
     267
     241
     255
     246
     270
     243
     266
     254
     272
     261
     248
     236
     253
     215
     257
     262
     259
     253
     234
     249
     244
     257
     280
     254
     201
     221
     263
     227
     244
     234
     230
     241
     275
     241
     253
     238
     229
     251
     241
     245
     265
     244
     220
     255
     215
     237
     251
     248
     255
     222
     239
     242
     254
     233
     238
     237
     247
     257
     251
     247
     240
     232
     243
     219
     259
     263
     244
     249
     245
     243
     254
     211
     229
     266
     245
     248
     253
     231
     236
     227
     225
     219
     217
     234
     243
     247
     211
     239
     257
     260
     227
     240
     226
     213
     212
     235
     265
     214
     222
     228
     227
     217
     227
     240
     227
     229
     226
     230
     232
     246
     216
     219
     221
     213
     202
     212
     239
     223
     214
     188
     195
     229
     210
     187
     223
     233
     213
     210
     205
     230
     230
     202
     241
     217
     225
     189
     208
     202
     196
     177
     198
     189
     230
     212
     197
     229
     195
     161
     200
     213
     190
     210
     177
     220
     199
     219
     174
     172
     199
     215
     208
     193
     164
     215
     183
     215
     182
     195
     192
     227
     188
     189
     198
     162
     200
     189
     166
     195
     164
     192
     196
     181
     185
     183
     185
     159
     187
     185
     167
     184
     203
     187
     182
     156
     203
     169
     159
     188
     171
     180
     181
     187
     180
     164
     186
     170
     167
     166
     155
     167
     157
     186
     178
     164
     152
     159
     154
     161
     143
     128
     150
     152
     150
     177
     175
     156
     145
     152
     146
     136
     120
     150
     170
     117
     138
     125
     178
     160
     159
     156
     162
     154
     142
     152
     147
     153
     143
     146
     115
     155
     137
     136
     142
     138
     134
     144
     129
     143
     117
     136
     129
     127
     139
     142
     116
     144
     128
     140
     118
     127
     123
     124
     137
     130
     130
     128
     100
     127
     125
     127
     102
     134
     109
     122
     118
     131
     123
     116
      94
     120
     113
     115
     111
     102
     109
     104
     104
      86
     124
     113
     122
     108
     117
     106
      96
     119
     102
      89
     123
     115
     103
     105
      93
      88
     118
      87
      94
      86
     100
      95
      97
      85
      81
      79
      91
      85
      99
      84
      79
      94
      87
      91
      86
      81
      93
      98
      67
      74
      78
      86
      82
      91
      85
      82
      75
      78
      96
      67
      64
      93
      74
      73
      72
      82
      85
      76
      70
      88
      72
      65
      66
      80
      63
      82
      61
      89
      71
      67
      80
      67
      69
      78
      63
      55
      66
      58
      52
      60
      55
      79
      58
      66
      74
      66
      63
      60
      63
      61
      57
      51
      69
      62
      41
      61
      54
      68
      56
      73
      75
      57
      59
      58
      64
      67
      60
      44
      57
      40
      69
      57
      48
      45
      58
      49
      52
      48
      41
      47
      48
      49
      65
      57
      55
      53
      45
      39
      44
      44
      40
      49
      50
      47
      42
      50
      46
      40
      39
      30
      44
      50
      35
      43
      50
      40
      32
      41
      46
      38
      42
      34
      28
      44
      31
      36
      41
      36
      29
      35
      35
      40
      40
      32
      51
      31
      41
      44
      34
      32
      35
      33
      31
      32
      40
      36
      38
      27
      33
      32
      42
      33
      24
      33
      39
      26
      29
      26
      24
      38
      39
      25
      25
      42
      24
      32
      30
      20
      25
      32
      28
      36
      28
      28
      35
      43
      28
      32
      36
      26
      22
      22
      31
      27
      26
      21
      26
      25
      26
      22
      32
      23
      23
      22
      28
      26
      25
      28
      31
      31
      32
      34
      28
      24
      26
      19
      18
      20
      15
      19
      35
      33
      17
      22
      28
      20
      19
      30
      19
      22
      28
      28
      28
      29
      13
      17
      24
      20
      19
      21
      17
      27
      22
      19
      22
      18
      20
      23
      21
      18
      17
      19
      21
      15
      19
      21
      16
      20
      20
      14
      23
      15
      20
      25
      15
      15
      21
      10
      16
      18
      14
      22
      22
      17
      18
      13
      10
      19
      12
      23
      17
      16
      20
      17
      18
      16
      11
      16
       8
      17
      17
      15
      16
       7
      13
      15
      10
      12
      17
      16
      16
      14
      17
      22
      14
      11
      18
       5
      21
      14
      16
       3
      15
      16
      12
      14
      19
      13
      14
      18
      17
      15
      15
      14
      14
      18
      13
      21
       9
      10
      12
      20
      15
      16
       8
      18
      13
      12
      13
       8
       7
       9
       8
      14
      20
       9
      15
      14
      20
      14
      17
      14
       9
      14
      12
       4
      14
      15
      15
      12
      18
      10
      10
      18
      15
       5
       9
      18
      11
      12
      11
       8
      12
      14
      14
      11
      12
       9
      10
      14
      10
      15
      17
       6
      12
      13
      10
      15
      17
      19
       8
      15
      17
      12
      11
      17
      19
      16
      13
       6
      10
      13
       9
       5
      15
      12
       9
      14
       9
      16
      10
      18
       5
      10
      10
      14
      13
      11
      13
      14
      12
      23
       8
      15
      12
      10
       9
      17
      15
       9
      15
       9
      19
      15
       7
      17
      11
       9
      12
      13
       9
      10
      16
       9
      13
      17
      13
      11
       8
       5
      10
      15
      12
      12
      12
      14
      13
      10
      15
      18
       7
      18
      13
      18
       9
      10
      12
       7
      12
      17
       8
      15
      14
      11
      13
      11
      11
      11
      12
       9
      14
       5
       8
      16
       9
      12
      16
      12
      10
      12
      14
      11
      12
      14
      11
      14
      14
      11
      14
      14
      11
      10
      16
      10
       7
      19
      15
      16
      13
      11
      16
      12
      12
      17
      12
      11
       6
       7
      10
      14
      18
      10
      10
       5
      14
      11
      13
       6
       9
      17
      10
      16
      13
      13
       9
      10
      11
       8
      13
      15
      14
       8
      15
      11
       9
      14
      14
       7
      11
      11
       9
      10
      18
      17
      13
      13
      11
      13
      11
      12
      13
      10
      11
      12
      15
      11
       3
      13
       9
      11
       7
       8
      13
      18
      15
       8
      12
      14
      10
      15
      14
      10
      10
      11
      15
      18
       9
      11
      13
      13
       9
       7
      14
      18
      10
      13
      11
      12
      12
       9
      20
       9
      10
      15
      10
       6
      15
      14
      11
      13
      16
       7
      12
       9
      12
      12
       9
      19
       8
      13
       7
      11
       6
      12
      12
      14
      12
      11
       8
      13
       7
      10
      15
      14
      11
      13
      15
       7
       7
      11
      12
      14
      10
       6
       9
      14
      12
       4
      12
      11
      15
       9
       5
      13
      10
       9
      15
      11
      11
       7
      13
      10
      19
      11
      13
      18
      16
       8
      11
      13
      12
       7
      18
       9
       8
      14
      14
       8
      15
       6
      11
      13
      20
      10
      15
      17
      12
       9
      12
      13
       7
      12
      12
       8
       9
       9
       7
      13
      13
      12
      12
       9
       5
       7
      10
       6
      12
       6
       7
      11
      10
       8
      15
      12
       5
      17
       8
      11
      13
       7
      11
      14
      12
      16
      14
      12
       9
       9
      10
      12
       6
       7
      14
      12
      11
      11
      18
      11
       9
      16
      14
      17
       8
       9
      13
       4
      12
      14
      13
       7
      11
      10
      16
      11
      12
      13
      10
      13
      13
      15
      14
       8
       5
      11
      10
      13
      10
      12
       7
      15
       7
       8
       5
      18
      11
       9
      11
      13
       8
      12
       8
       8
      12
       9
      13
      10
       7
      14
       7
       7
      10
       7
       5
       5
      10
      12
      17
      13
       9
      13
      11
      11
      11
      11
      15
      11
      13
      11
      12
      13
      14
      14
       9
      16
      14
       8
      12
      10
       7
      10
      17
       9
       9
       8
       8
      10
      13
      12
      12
      14
      13
      12
      16
      12
      14
       8
      13
       8
       7
      12
       7
      13
       9
       9
      15
       9
      14
      22
      13
      16
      14
      15
       6
       6
      14
      12
      13
      11
       8
      12
       9
       8
       9
      18
       9
      10
      11
      13
      16
       5
      18
       9
      11
       5
       8
      14
       6
       8
      12
      10
      15
      10
      11
      13
      11
      19
      13
      14
      13
      10
       8
      13
      10
       9
       9
       9
       6
      10
       7
      12
      17
       5
      17
      20
      13
      11
       7
       9
       7
      16
      22
      12
       9
       7
      15
      11
       8
       6
      10
       6
      14
      10
       7
      11
      10
      11
      10
       8
       9
      10
       9
       8
      10
      10
      11
      11
      13
      21
      12
      16
       4
       8
       9
      17
       9
       7
       6
      14
       5
       1
      12
      11
       7
      10
      11
      15
      15
       8
      13
      14
      13
      11
       6
      11
      13
      20
      10
      14
      10
      17
      13
      10
      15
      13
      10
      11
      18
      14
      12
      12
       9
      12
      15
      11
       7
       9
      14
      10
      10
      16
      11
      16
      11
       4
      18
      12
      15
      13
       9
      12
      13
       8
      15
       6
      16
      10
      10
       7
      10
      11
       9
       9
      10
       4
      16
       9
      15
      12
      13
      18
      16
      11
      13
      16
      12
      11
       8
      13
      13
      16
      10
       7
      10
       6
       8
      11
       6
       9
      12
      11
       8
       9
      11
       7
      19
      21
      14
      10
       8
      18
      10
      11
      12
      10
       9
       9
      10
      13
      11
      13
      19
       9
      17
      11
      13
       8
       9
      10
      13
      10
      16
      18
      16
      11
      11
      11
       7
       4
       7
       8
      16
      13
       8
      13
      18
      15
      12
      14
      11
      12
      11
      14
       7
      13
       5
       4
      12
      17
      12
      10
      12
      13
      12
      11
      13
      12
      18
      17
       8
       8
       9
       6
      12
       8
      10
       8
      11
      12
       8
      12
      15
       9
      19
       7
      13
      11
      12
      11
      22
       4
       7
      16
      12
      14
       9
      10
      15
      11
      13
      13
      10
      11
      22
       8
      12
      21
      14
      17
      21
      12
       9
       9
      15
      13
       9
      13
      19
       6
      18
      11
      14
      14
      14
      21
      12
      12
       6
       9
      11
       9
      13
      17
      17
      11
      10
      14
      10
      17
      12
      11
      11
      14
       4
      18
       8
       9
      11
      11
      20
       7
      10
       9
      13
      13
      16
       8
      10
       8
       8
      11
      10
      17
      12
      16
      15
      13
       8
      11
       7
      15
      12
      11
      11
      10
      12
      11
      11
       7
      10
      14
      15
      15
       6
      11
      15
       9
      17
       9
      11
      11
      11
      12
       8
       8
      15
      11
      11
       9
      10
       8
      15
      11
       9
       7
      12
       8
      17
      21
       7
       8
      15
       8
      12
      11
      11
       7
      16
       7
      12
      15
      11
       9
       7
       6
      10
      15
      14
      13
       8
       9
       5
      11
       6
      12
      11
      14
      12
      16
      13
      12
       8
      15
       7
      14
      12
       8
      14
       7
      10
      16
      11
      11
       8
      14
      10
       9
      14
      14
      13
      18
      14
       6
      18
       9
       9
      14
      11
       8
      17
      19
      10
      13
      16
      15
      13
      10
      10
       7
      16
      15
      19
      12
      15
      12
      14
      17
      11
      10
      13
      11
      14
      12
       8
      12
       7
      13
       8
      18
      19
      13
      11
       9
      15
       9
      18
       9
      10
      10
      14
       7
      13
       5
       8
      11
      13
      12
       8
      15
      12
      10
       7
      15
      12
      11
      14
       6
      13
      11
       6
       9
      11
      18
      15
      10
       9
      11
      11
      10
      13
      11
      13
      10
      16
       5
      17
      11
       7
      10
      17
      12
       9
      16
      10
      13
      16
       9
       5
      14
      12
      13
       6
      21
      15
       8
      17
      17
      12
      16
      18
       8
      14
      10
      17
      19
      12
       8
      14
      11
      11
      15
      12
       9
      18
      10
      11
      12
      15
      11
      12
      16
      11
      15
      11
       9
       8
      11
      13
       9
      10
      14
      16
      13
      16
      14
       8
      12
      17
       8
      11
      11
      10
      12
      13
      13
      13
      11
      12
       7
       9
       5
      10
       8
       7
      10
      11
      13
      19
      16
      10
       8
      12
      10
      13
      19
      13
      15
       8
      15
       6
      10
      10
       8
      15
       9
      11
      11
       8
      15
      16
      20
       8
       9
      13
       9
       4
      11
      10
      18
      16
       9
       8
      11
       3
       9
      10
       7
      18
      11
      15
       6
      15
      12
       9
      11
      14
      11
      10
       9
      12
      10
      10
      12
      11
      11
      13
      12
      14
       6
      12
       8
      12
      13
      17
      11
      12
       9
      19
      16
       8
      13
      11
       8
      18
      11
      12
       6
       7
       7
      18
      14
      15
      13
       8
      15
       9
       7
       8
      12
      10
      14
      13
       9
       5
      16
       2
      13
      12
       7
      11
      11
      21
      14
      14
       8
      11
      12
      17
      11
      19
      11
      11
       7
       9
      11
      10
      10
       8
       8
      11
      10
      11
      11
       9
       7
      16
      13
      14
      11
      12
       7
      10
      12
      10
       9
       9
      12
       9
      12
       9
       6
       6
       5
       8
      12
      11
      16
       9
      11
      13
      13
       8
      14
       8
      12
      12
      11
       9
      14
      10
      15
      10
       8
      13
       8
      12
       7
      14
       9
      12
      13
      11
      10
       7
       8
       9
      11
       7
      12
      11
      16
      13
      11
      14
       7
      11
      17
       9
      12
      18
      14
      13
      11
      12
      10
      12
       8
       8
      12
      16
       7
      16
      10
      13
       9
      16
      13
       9
      11
      12
      11
      10
       9
       8
      12
       9
      11
      10
      12
       9
       9
      18
      10
      11
      12
       9
      15
      14
      14
      17
      16
      12
      14
      10
      16
      11
       4
      14
       6
      14
      14
       6
      14
       8
      11
      10
      14
       4
       9
      12
      15
      13
      10
      18
      15
      10
      19
      10
      11
       7
      11
      10
       9
      15
      11
      16
       8
       6
      12
       9
      14
       7
       8
      17
       8
      10
       9
      15
      10
      10
       9
      14
       8
      11
      12
      10
       8
      10
       7
      11
      13
      11
       8
      11
      14
      11
       8
      11
      10
      12
      15
      13
      15
       6
      10
      13
      12
      11
      16
      12
      13
      13
      14
      11
      19
      13
      12
       8
       8
      11
       9
       8
      15
      12
       4
      21
      11
       6
      11
      11
      15
       6
      12
      14
      12
       6
      18
      10
      12
       5
      12
       7
       7
      11
       4
       6
       9
       1
       5
       4
       0
       1
       0
       0
       0
       0
       0
       0
       0
       0
       0
       0
       0
       0
       1
       0
       0
       0
       0
       0
       1
       0
       0
       1
       1
       0
       0
       1
       0
       0
       0
       0
       0
       0
       0
       0
       0
       0
       0
       0
       0
       0
       0
       0
       0
       0
       0
       0
       0
       0
       0
       0
       0
       0
       0
       0
       0
       0
       0
       0
       1
       0
       0
       0
       0
       0
       1
       0
       0
       0
       0
       0
       0
       0
       0
       0
       0
       0
       0
       0
       0
       0
       0
       0
       0
       0
       0
       0
       0
       0
       0
       0
       1
       0
       0
       0
       0
       0
       0
       0
       0
       0
       0
       0
       0
       0
       0
       0
       0
       0
       0
       0
       0
       0
       0
       0
       0
       0
       0
       0
       0
       0
       0
       0
       0
       0
       0
       0
       1
       0
       0
       0
       0
       0
       0
       0
       0
       1
       0
       0
       0
       0
       0
       0
       0
       0
       0
       0
       0
       0
       1
       0
       0
       0
       0
       0
       0
       0
       0
       0
       0
       0
       0
       0
       0
       0
       0
       0
       0
       1
       0
       0
       0
       0
       0
       0
       0
       0
       0
       0
       0
       0
       0
       0
       0
       0
       0
       1
       0
       0
       0
       0
       0
       0
       0
       0
       0
       0
       0
       0
       0
       0
       0
       0
       0
       0
       0
       0
       0
       0
       0
       0
       0
       0
       0
       0
       0
       0
       0
       0
       0
       0
       0
       0
       0
       0
       0
       0
       0
       0
       0
       0
       0
       0
       0
       0
       0
       0
       0
       0
       0
       0
       0
       0
       0
       0
       0
       0
       0
       0
       0
       0
       0
       0
       0
       0
       0
       0
       0
       0
       0
       0
       0
       0
       0
       0
       0
       0
       0
       0
       0
       0
       0
       0
       0
       0
       0
       0
       0
       0
       0
       0
       0
       0
       0
       0
       0
       0
       0
       0
       0
       0
       0
       0
       0
       0
       0
       0
       0
       0
       0
       0
       0
       0
       0
       0
       0
       0
       0
       0
       0
       0
       0
       0
       0
       0
       0
       0
       0
       0
       0
       0
       0
       0
       0
       0
       0
       0
       0
       0
       0
       0
       0
       0
       0
       0
       0
       0
       0
       0
       0
       0
       0
       0
       0
       0
       0
       0
       0
       0
       0
       0
       0
       0
       0
       0
       0
       0
       0
       0
       0
       0
       0
       0
       0
       0
       0
       0
       0
       0
       0
       0
       0
       0
       0
       0
       0
       0
       0
       0
       0
       0
       0
       0
       0
       0
       0
       0
       0
       0
       0
       0
       0
       0
       0
       0
       0
       0
       0
       0
       0
       0
       0
       0
       0
       0
       0
       0
       0
       0
       0
       0
       0
       0
       0
       0
       0
       0
       0
       0
       0
       0
       0
       0
       0
       0
       0
       0
       0
       0
       0
       0
       0
       0
       0
       0
       0
       0
       0
       0
       0
       0
       0
       0
       0
       0
       0
       0
       0
       0
       0
       0
       0
       0
       0
       0
       0
       0
       0
       0
       0
       0
       0
       0
       0
       0
       0
       0
       0
       0
       0
       0
       0
       0
       0
       0
       0
       0
       0
       0
       0
       0
       0
       0
       0
       0
       0
       0
       0
       0
       0
       0
       0
       0
       0
       0
       0
       0
       0
       0
       0
       0
       0
       0
       0
       0
       0
       0
       0
       0
       0
       0
       0
       0
       0
       0
       0
       0
       0
       0
       0
       0
       0
       0
       0
       0
       0
       0
       0
       0
       0
       0
       0
       0
       0
       0
       0
       0
       0
       0
       0
       0
$ROI:
1
5178 5843
$PRESETS:
None
0
0
$ENER_FIT:
0.000000 0.092575
$MCA_CAL:
3
0.000000E+000 9.257480E-002 0.000000E+000 keV
$SHAPE_CAL:
3
4.064224E+002 0.000000E+000 0.000000E+000
