$SPEC_ID:
No sample description was entered.
$SPEC_REM:
DET# 1
DETDESC# FSGUNIV-O93LS3D Easy-MCA-8k SN 17088661
AP# Maestro Version 7.01
$DATE_MEA:
03/18/2024 09:14:01
$MEAS_TIM:
93 93
$DATA:
0 4095
       0
       0
       0
       0
       0
       0
       0
       0
       0
       0
       0
       0
       0
       0
       0
       0
       0
       0
       0
       0
       0
       0
       0
       0
       0
       0
       0
       0
       0
       0
       0
       0
       0
       0
       0
       0
       0
       0
       0
       0
       0
       0
       0
       0
       0
       0
       0
       0
       0
       0
       0
       0
       0
       0
       0
       0
       1
       2
       0
       0
       0
       0
       0
       1
       1
       1
       5
      14
      31
      48
      49
      45
      51
      40
      36
      37
      36
      35
      32
      17
      36
      39
      50
      30
      30
      29
      32
      30
      28
      25
      19
      22
      22
      23
      30
      22
      34
      20
      21
      27
      15
      28
      25
      25
      13
      20
      18
      24
      20
      18
      23
      24
      22
      21
      17
      16
      16
      15
      19
      22
      14
      12
      20
       9
      16
      19
      12
      12
      11
      14
      15
      14
      18
      22
      21
      18
      15
      14
      22
      17
      24
      14
       9
      19
      18
      22
      16
      12
      16
      19
      15
      27
      15
      19
      15
      16
      20
      20
      17
      21
      24
      20
      26
      12
      16
      21
      18
      18
      20
      13
      16
      16
      19
      15
      20
      14
      17
      28
      13
      17
      22
      16
      15
      16
      21
      10
      28
      11
      16
      19
      17
      22
      27
      23
      19
      22
      18
      23
      13
      21
      19
      20
      25
      23
      23
      15
      16
      24
      23
      14
      18
      21
      19
      24
      26
      21
      19
      15
      24
      21
      17
      10
      21
      18
      21
      19
      16
      19
      29
      17
      22
      16
      21
      18
      20
      15
      21
      18
      28
      23
      14
      20
      28
      22
      20
      22
      19
      24
      16
      14
      25
      22
      27
      29
      20
      19
      26
      20
      16
      17
      21
      17
      19
      23
      25
      24
      24
      21
      18
      26
      28
      17
      19
      16
      32
      12
      16
      24
      26
      23
      22
      23
      14
      20
       7
      15
      26
      27
      21
      21
      19
      21
      18
      17
      17
      14
      23
      14
      21
      26
      24
      14
      12
      15
      21
      14
      19
      27
      23
      20
      23
      20
      19
      17
      10
      23
      14
      25
      26
      23
      20
      23
      15
      24
      21
      18
       9
      21
      12
      19
      19
      15
      23
      21
      17
      23
      19
      19
      20
      12
      24
      33
      20
      25
      17
      16
      23
      33
      15
      20
      20
      28
      22
      19
      23
      22
      24
      14
      25
      18
      18
      23
      26
      22
      17
      19
      21
      17
      23
      16
      21
      21
      21
      19
      16
      26
      21
      24
      21
      27
      25
      23
      19
      27
      26
      18
      21
      30
      19
      19
      26
      25
      25
      22
      24
      30
      20
      18
      23
      28
      25
      24
      14
      23
      27
      32
      13
      24
      25
      23
      30
      25
      35
      39
      23
      33
      27
      35
      35
      27
      32
      36
      34
      37
      40
      31
      42
      41
      43
      51
      43
      45
      33
      42
      43
      46
      49
      54
      40
      25
      57
      39
      40
      41
      37
      42
      48
      51
      38
      39
      42
      49
      39
      52
      44
      33
      38
      40
      37
      44
      44
      36
      34
      33
      33
      36
      36
      36
      41
      34
      38
      30
      40
      46
      42
      34
      32
      28
      33
      33
      30
      30
      31
      42
      32
      34
      36
      36
      29
      28
      26
      40
      28
      34
      38
      33
      34
      27
      36
      30
      19
      31
      27
      31
      34
      36
      28
      22
      29
      24
      30
      28
      27
      32
      30
      20
      31
      30
      24
      32
      30
      21
      17
      26
      30
      18
      28
      30
      25
      27
      27
      16
      15
      20
      21
      21
      23
      27
      25
      31
      29
      17
      23
      22
      17
      22
      18
      25
      24
      24
      25
      13
      21
      18
      21
      19
      21
      19
      12
      14
      19
      17
      13
      17
      25
      12
      23
      24
      14
      22
      17
      22
      23
      23
      26
      15
      22
      23
      22
      24
      24
      30
      20
      18
      19
      25
      15
      16
      19
      19
      20
      14
      14
      12
      22
      29
      22
      28
      22
      24
      17
      25
      19
      20
      21
      20
      15
      19
      14
      15
      18
      24
      22
      23
      14
      12
      19
      15
      21
      23
      16
      23
      24
      15
      21
      21
      16
      20
      21
      23
      17
      17
      20
      18
      26
      10
      19
      16
      31
      20
      26
      22
      21
      10
      16
      16
      22
      16
      17
      23
      20
      14
      34
      14
      19
      22
      17
      34
      16
      26
      15
      17
      19
      21
      23
      12
      22
      29
      26
      30
      25
      23
      20
      18
      12
      20
      23
      13
      22
      17
      13
      18
      21
      16
      15
      19
      20
      19
      22
      20
      22
      21
      26
      24
      18
      16
      29
      12
      21
      15
      18
      25
      19
      24
      23
      18
      21
      28
      14
      20
      20
      17
      20
      19
      17
      26
      15
      18
       8
      18
      28
      18
      18
      21
      20
      21
      21
      20
      21
      19
      18
      15
      14
      20
      21
      19
      20
      22
      17
       9
      21
      22
      23
      22
      30
      29
      17
      22
      30
      22
      28
      26
      15
      27
      23
      21
      17
      28
      19
      14
      19
      14
      22
      23
      19
      14
      25
      26
      22
      29
      24
      25
      23
      19
      29
      22
      11
      24
      26
      36
      20
      24
      21
      18
      23
      15
      24
      17
      21
      20
      18
      24
      17
      14
      26
       7
      10
      18
      22
      22
      18
      23
      19
      30
      21
      14
      22
      20
      13
      18
      18
      16
      18
      15
      14
      21
      17
      22
      22
      15
      25
      14
      23
      22
      25
      21
      23
      18
      19
      26
      18
      19
      24
      21
      25
      18
      15
      22
      25
      19
      14
      24
      20
      18
      18
      23
      19
      24
      15
      20
      29
      25
      18
      16
      21
      19
      21
      20
      23
      21
      21
      23
      16
      22
      17
      28
      18
      27
      27
      31
      25
      20
      17
      29
      26
      25
      20
      14
      23
      23
      23
      19
      25
      17
      29
      19
      27
      22
      20
      20
      22
      25
      21
      14
      18
      25
      21
      24
      26
      26
      22
      26
      16
      23
      26
      21
      21
      23
      25
      20
      20
      27
      26
      20
      32
      28
      27
      27
      16
      23
       8
      17
      26
      31
      31
      22
      26
      25
      27
      23
      23
      23
      21
      28
      29
      32
      26
      36
      27
      22
      28
      28
      29
      16
      20
      22
      25
      27
      30
      23
      31
      28
      19
      18
      33
      16
      22
      37
      33
      26
      26
      19
      26
      26
      31
      31
      34
      20
      18
      26
      21
      29
      22
      26
      25
      25
      27
      26
      31
      38
      29
      21
      32
      21
      27
      35
      31
      29
      35
      34
      22
      21
      33
      36
      38
      31
      26
      28
      28
      32
      42
      30
      27
      24
      33
      28
      25
      39
      30
      25
      44
      25
      25
      31
      27
      24
      30
      23
      37
      25
      32
      30
      30
      26
      29
      27
      35
      25
      25
      26
      17
      26
      22
      31
      37
      27
      31
      24
      28
      26
      25
      25
      20
      30
      25
      31
      24
      27
      28
      38
      26
      30
      24
      24
      30
      29
      33
      33
      30
      31
      12
      31
      33
      29
      34
      26
      20
      28
      31
      17
      26
      24
      30
      27
      27
      31
      27
      28
      29
      33
      23
      29
      25
      23
      25
      30
      33
      22
      18
      31
      32
      30
      32
      24
      18
      36
      30
      27
      20
      20
      28
      19
      18
      21
      22
      29
      22
      27
      19
      24
      20
      35
      25
      23
      24
      17
      28
      21
      30
      18
      27
      15
      22
      25
      32
      20
      26
      16
      29
      31
      28
      26
      27
      31
      29
      31
      39
      28
      28
      23
      32
      37
      23
      22
      28
      38
      21
      22
      26
      29
      30
      30
      25
      31
      36
      24
      31
      34
      19
      26
      28
      32
      23
      17
      18
      22
      20
      25
      26
      29
      18
      25
      16
      28
      30
      34
      33
      23
      26
      35
      28
      33
      29
      27
      27
      27
      23
      29
      27
      25
      35
      22
      22
      31
      23
      25
      32
      29
      29
      19
      27
      26
      19
      33
      29
      33
      29
      27
      24
      30
      31
      22
      24
      22
      24
      28
      26
      29
      28
      22
      19
      30
      21
      28
      23
      19
      29
      20
      22
      28
      30
      26
      26
      29
      21
      24
      31
      32
      18
      18
      30
      14
      31
      23
      23
      23
      23
      33
      30
      18
      21
      19
      31
      22
      19
      25
      19
      35
      32
      42
      30
      29
      24
      29
      28
      23
      39
      27
      26
      28
      33
      31
      21
      26
      21
      24
      19
      25
      27
      31
      22
      28
      21
      24
      40
      20
      28
      26
      25
      35
      23
      28
      23
      31
      23
      29
      27
      28
      32
      22
      25
      24
      29
      32
      32
      28
      31
      20
      27
      31
      28
      43
      26
      27
      24
      21
      25
      25
      29
      20
      28
      21
      24
      28
      23
      29
      26
      29
      22
      28
      41
      26
      31
      39
      28
      25
      24
      19
      20
      31
      24
      28
      27
      25
      27
      13
      19
      23
      21
      30
      25
      30
      32
      31
      32
      33
      30
      31
      30
      21
      22
      30
      21
      20
      22
      16
      44
      22
      23
      26
      25
      31
      36
      29
      21
      24
      23
      30
      21
      26
      40
      21
      23
      21
      34
      22
      17
      34
      25
      37
      26
      19
      25
      22
      21
      33
      25
      22
      26
      16
      30
      37
      22
      26
      22
      26
      25
      33
      20
      30
      22
      23
      25
      23
      23
      28
      26
      21
      26
      27
      29
      19
      34
      35
      21
      25
      28
      25
      25
      32
      21
      27
      25
      21
      27
      26
      22
      31
      24
      19
      22
      38
      14
      32
      27
      27
      27
      25
      22
      21
      27
      23
      31
      31
      20
      29
      30
      31
      16
      26
      22
      27
      23
      27
      22
      27
      37
      20
      24
      28
      30
      21
      34
      27
      25
      18
      29
      20
      28
      27
      22
      24
      24
      34
      12
      30
      28
      33
      31
      28
      19
      28
      24
      28
      23
      27
      21
      32
      27
      32
      29
      26
      21
      32
      29
      32
      32
      24
      19
      29
      24
      33
      29
      30
      26
      24
      35
      23
      23
      30
      30
      24
      27
      20
      30
      29
      27
      28
      36
      27
      34
      26
      22
      26
      28
      29
      21
      22
      33
      31
      16
      33
      30
      21
      32
      35
      26
      30
      24
      19
      27
      23
      29
      25
      32
      29
      19
      21
      27
      28
      27
      27
      30
      33
      27
      31
      23
      36
      23
      34
      40
      31
      29
      34
      27
      25
      21
      24
      25
      37
      29
      30
      20
      34
      17
      32
      27
      30
      30
      24
      17
      23
      24
      29
      32
      19
      29
      25
      20
      18
      21
      28
      25
      18
      26
      27
      29
      28
      24
      29
      24
      31
      30
      26
      30
      23
      34
      24
      24
      22
      22
      32
      28
      38
      24
      27
      40
      39
      26
      32
      19
      39
      29
      22
      28
      30
      35
      27
      30
      25
      26
      35
      35
      21
      27
      20
      23
      25
      26
      30
      27
      29
      21
      35
      32
      26
      22
      30
      24
      37
      31
      29
      25
      28
      31
      33
      25
      31
      40
      25
      32
      40
      29
      19
      27
      28
      34
      30
      36
      21
      30
      27
      35
      42
      31
      26
      27
      37
      27
      25
      30
      26
      34
      26
      28
      36
      25
      24
      26
      23
      35
      27
      25
      30
      28
      28
      36
      29
      25
      27
      22
      30
      30
      17
      26
      23
      34
      16
      22
      18
      23
      26
      31
      23
      24
      30
      28
      21
      29
      16
      24
      23
      30
      25
      35
      32
      32
      23
      28
      33
      19
      31
      28
      21
      26
      19
      21
      27
      27
      21
      29
      29
      15
      27
      19
      29
      25
      30
      28
      23
      20
      22
      29
      26
      25
      35
      25
      13
      27
      29
      22
      25
      24
      22
      20
      22
      30
      24
      26
      23
      21
      23
      21
      21
      28
       9
      20
      29
      17
      23
      25
      23
      20
      25
      22
      21
      22
      22
      27
      28
      22
      26
      22
      24
      23
      28
      19
      19
      29
      30
      19
      21
      16
      18
      20
      17
      27
      19
      29
      20
      25
      15
      21
      16
      24
      18
      23
       9
      14
      22
      21
      19
      24
      12
      16
      19
      22
      21
      24
      25
      18
      15
      23
      20
      18
      22
      15
      23
      19
      23
      13
      19
      15
      19
      14
      17
      18
      20
      18
      17
      24
      20
      19
      20
      17
      15
      20
      22
      18
      19
      18
      14
      20
      12
      16
      16
      19
      19
      18
      20
       9
      15
      10
      12
      21
      12
      17
      13
      11
      22
      24
      19
      22
      15
      19
      18
      19
      22
      16
      19
      14
      19
      16
      25
      11
      16
      15
      20
      10
      25
      11
      12
      15
      18
      15
      21
      14
      11
      11
      21
      13
      15
      17
      12
       9
      12
      10
       9
       7
      14
      10
      18
      19
      16
      12
      21
      12
      12
      22
      11
       6
      18
      20
       8
      18
      15
      14
      13
      17
      10
      10
      19
      10
      12
      13
      22
      15
      12
      17
      16
      20
       8
       9
      19
      16
      22
      16
      13
      11
      18
      14
      23
      15
      12
      20
      18
      10
      13
      15
      12
      18
      16
      17
      15
      11
      18
      18
      12
      11
      20
      15
      16
      24
       9
      23
      13
      11
      19
      16
       8
      16
       9
      15
      11
      13
      15
       9
      12
      15
      19
      17
      22
      21
      15
      13
      14
       9
      16
      15
      19
      15
      23
      16
       6
      13
      19
      14
      10
      15
       9
      12
       7
      12
       9
      15
       9
      16
      17
       8
      13
      17
      11
      14
      14
       7
       6
      14
      14
      16
      15
      15
      13
      14
      16
      13
      12
      15
      11
      14
      15
      11
      12
      11
      19
       9
       8
      12
      16
      18
      15
      15
       8
      16
       9
       7
      17
      16
      19
      12
      16
      14
      13
       9
      16
       5
      12
      11
      12
      12
      19
      15
      12
      14
      11
      15
      10
      13
      12
      11
      14
      10
      14
      11
      21
      19
      11
      12
      20
      11
      14
      11
      11
       8
      17
      16
      15
      11
      12
       9
      10
      13
      10
      10
      13
      11
      13
      11
       6
      15
      11
       9
       8
      14
      14
      11
      12
       9
      10
      12
      12
      17
      23
      16
       7
      15
       7
      14
      15
      14
      14
       6
       7
      14
      16
      10
      11
       9
      11
      19
       8
      15
      14
      10
      16
       8
      11
      13
      12
      13
      11
      10
      12
      16
       7
      18
      12
      12
       3
      11
      11
      11
      14
       6
       9
      14
      10
       9
      13
       8
      15
      10
       9
      12
      17
      13
      11
      13
      13
      12
      14
      10
      14
       7
       8
      17
      16
      11
      12
      12
      12
      24
       9
       6
      11
       7
      12
      13
      14
      11
      11
       8
      12
      16
      13
      16
      13
      10
      11
      14
      13
       6
      12
      12
       9
      18
       4
       7
      15
      13
       5
      16
      11
      11
      22
      12
       6
       9
       7
      13
       7
       6
       6
      15
      11
      12
       5
      14
       8
      10
      11
       7
      10
      14
       6
       7
      10
      10
       8
      11
      14
       7
      10
       8
       6
      16
      10
      16
      19
       6
      11
       5
      11
       7
       9
       9
       7
      13
      13
      10
      12
      11
      14
      10
       7
      13
      14
      10
       9
      10
      13
      11
       7
       5
      11
       8
      15
      13
      11
      10
       7
      10
      10
      12
      17
      12
       9
      14
      11
       7
      14
      13
       8
      17
       7
       7
       9
      17
      11
       8
       8
       8
      10
       7
      11
       9
       9
      12
       8
       6
       8
      10
      11
      11
       8
       6
       7
       9
      10
      15
      11
      12
      13
      18
      13
       8
       8
      10
       7
       9
      12
      12
      15
       9
       9
      11
      14
      21
       9
       7
      14
      16
      13
      14
      12
      14
      13
      12
      14
      15
      13
      13
       8
      14
      10
       6
       9
       7
      11
       9
      11
      12
      13
      10
      16
      12
      13
      14
      12
      15
      17
       8
      12
      13
      19
       7
      15
      14
      14
      16
      13
      17
       9
      11
      12
      14
      18
      17
      13
      19
       8
      14
      21
      19
      12
      13
      17
      15
      14
      17
      15
      14
      15
      16
      22
      17
      19
      17
      22
      14
      33
      17
      18
      24
      14
      17
      18
      24
      19
      22
      16
      19
      16
      19
      24
      22
      25
      26
      21
      21
      26
      24
      25
      25
      17
      23
      24
      27
      22
      24
      26
      25
      14
      19
      32
      28
      30
      26
      26
      40
      35
      39
      27
      28
      23
      31
      36
      24
      51
      32
      36
      42
      46
      40
      33
      35
      29
      45
      34
      46
      34
      31
      35
      48
      40
      48
      45
      40
      28
      40
      48
      42
      47
      43
      67
      53
      57
      48
      57
      41
      51
      56
      52
      52
      55
      46
      43
      70
      50
      54
      62
      68
      72
      56
      56
      64
      61
      57
      82
      69
      70
      67
      59
      64
      59
      66
      80
      58
      61
      56
      62
      70
      70
      78
      77
      64
      72
      62
      89
      93
      93
      70
      76
      78
      81
      98
      88
     100
     103
      80
      84
      79
      95
      97
      96
     101
      76
      96
     103
      86
      98
     110
      97
      98
     112
      96
      89
     101
     102
     105
      92
     117
     104
     103
     105
      88
      96
     124
     118
     123
     109
     104
     128
     132
     113
     128
     117
     107
     138
     118
     119
     128
     132
     142
     123
     123
     144
     119
     117
     122
     157
     135
     137
     128
     137
     130
     112
     127
     129
     125
     143
     126
     136
     120
     144
     136
     118
     130
     164
     142
     120
     140
     122
     129
     154
     123
     149
     124
     132
     149
     128
     139
     151
     137
     141
     157
     140
     118
     144
     136
     140
     142
     136
     127
     122
     136
     153
     168
     156
     150
     143
     114
     172
     144
     146
     124
     136
     152
     142
     138
     128
     135
     162
     147
     144
     144
     114
     129
     139
     142
     145
     132
     119
     143
     129
     143
     116
     141
     146
     126
     140
     120
     138
     126
     137
     122
     131
     116
     128
     141
     125
     129
     128
     124
     126
     122
     121
     124
     107
      89
     121
      99
     126
     111
     106
     105
     122
     117
     134
     113
     101
     117
     108
     107
      96
     109
     116
      86
      99
     101
      92
      89
     108
     103
      75
     101
      86
      89
     107
      80
      84
      93
      94
      88
      93
      86
      75
      93
      81
      77
      84
      93
      74
      88
      76
      65
      72
      71
      72
      75
      87
      60
      66
      61
      70
      65
      44
      77
      71
      66
      81
      57
      65
      48
      58
      58
      58
      66
      60
      52
      53
      47
      54
      33
      64
      59
      56
      62
      43
      38
      47
      56
      42
      34
      48
      49
      37
      39
      44
      35
      37
      38
      45
      39
      40
      42
      35
      35
      36
      33
      29
      27
      40
      30
      41
      37
      39
      24
      34
      38
      31
      33
      23
      21
      27
      32
      28
      18
      19
      18
      33
      11
      27
      30
      27
      19
      21
      21
      16
      27
      19
      14
      17
      19
      26
      20
      18
      15
      16
      11
      16
      18
      30
      15
      17
      18
      10
      14
      16
      12
       7
      14
      15
      14
      13
      19
      13
      20
       6
       8
      13
       6
      11
      11
      12
      14
      16
       7
       8
      10
      15
       6
      14
       9
      11
       7
      11
       9
      11
      10
       6
       5
       9
       6
      10
       6
       6
       6
      13
       9
      10
      13
      11
       8
       8
       7
       5
       4
       8
       9
      13
       8
       9
       6
       8
      13
       6
       7
       8
       7
      10
       6
       6
       5
      11
       9
       5
      11
       1
       8
       6
       7
       7
       9
       3
       6
       5
       8
       8
       5
       5
       5
       6
       8
       7
       5
       3
       6
       5
       8
       9
       3
       9
       9
       9
       5
       5
       9
       9
       9
       8
       7
       5
       1
       5
       5
       4
       6
       4
       6
       6
      12
       7
       9
       4
       8
       3
       1
       6
       3
       5
       8
       5
       6
       3
       5
       2
       8
       5
       2
       1
       8
       4
       3
       6
       9
      11
       3
       5
       9
       3
      11
       7
       7
       2
      10
      15
       6
       6
      10
       3
       5
       1
       7
       7
       6
       4
       6
       3
       6
       5
       7
       3
       9
       4
      10
       8
       8
       4
       9
       5
      11
      12
       5
       7
       8
       9
       4
       6
       6
       7
      12
       6
       6
       9
       4
       3
       8
       7
       8
       7
       6
      16
       6
       2
       4
       7
       7
       7
       3
       3
       5
       6
       6
       6
       5
       6
       7
       5
       5
       8
       5
       4
       5
       5
       6
       2
       8
       9
       6
       4
       3
       9
       6
       8
       8
       0
       5
       5
       5
       5
       5
       7
       6
       9
       2
       6
       7
       3
      10
       6
       5
       2
       5
       7
       3
       4
       4
       3
       2
       8
       6
       7
       9
       5
       6
       9
       4
       5
       3
       5
       4
       8
       4
       3
       6
       4
       4
       4
       3
       7
       6
       4
       7
       6
       6
       7
       6
      10
       3
       6
       3
       5
       6
       4
       4
       9
       7
       4
       6
       3
       4
       6
       5
       6
       6
       5
       3
       3
      10
       5
       4
       5
       5
       5
       4
       9
      11
       7
       8
       2
       4
       3
       3
       8
       3
       5
       1
       5
       2
       2
       4
       5
       4
       5
       6
       4
       6
       5
       6
       8
       8
       7
       7
       6
       2
       9
       7
       6
      10
       5
       4
       3
       6
       4
      10
       7
       6
       8
      10
       4
       5
       3
       3
       8
      10
       3
       7
       2
       8
       4
       5
       8
       3
       5
       4
       5
       4
       4
       3
       5
       7
       4
       1
       1
       4
       4
       3
       3
       4
       6
       4
      11
       1
       4
       3
       4
       8
       4
       3
       6
       3
       4
       5
       4
       5
       6
       4
       3
       2
       1
       4
       1
       7
       3
       3
       5
       5
       7
       3
       3
       6
       6
       2
       3
       2
       7
       3
       1
       3
       5
       6
       6
       4
       3
       3
       3
       5
       5
       3
      10
       6
       4
       2
       1
       1
       3
       5
       1
       2
       3
       2
       3
       4
       8
       2
       3
       9
       4
       6
       9
       1
       1
      11
       3
       7
       2
       8
      10
       5
       6
       4
       9
       6
       4
       5
       6
       6
       3
       4
       6
       3
       4
       9
       9
       6
       3
       3
       2
       7
       5
       6
       2
       6
       3
       5
       3
       2
       3
       7
       6
       6
       1
       5
       6
       9
       3
       4
       4
       6
      10
       2
       6
       2
       6
       3
       9
       3
       2
       4
       5
       1
       6
       8
       3
       6
       5
       6
       9
       6
       5
       4
       7
       8
       2
       5
       2
       7
       1
       6
       2
       4
       4
       7
       3
       7
       6
       5
       3
       6
       6
       3
       5
       4
       3
       4
       2
       7
       5
       2
       4
       6
       7
       2
       7
       3
       5
       0
       6
       3
       5
       5
       5
       8
       4
       5
       4
       8
       2
       5
       0
       4
       6
       9
       3
       6
       6
       4
       3
       9
       2
       4
       2
       7
       6
       4
       4
       5
       3
       7
       3
       8
       5
       4
       3
       5
       2
       7
       3
       9
       3
       4
       2
       9
       2
       2
       4
       6
       6
       5
       6
       1
       6
       1
       6
       6
       6
       9
       6
       6
       3
       2
       3
       8
       8
       6
       5
       8
       7
       4
       6
       7
       5
       4
       4
       4
       4
       5
       3
       7
       6
       5
       6
       1
       5
       5
       1
       1
       4
       3
       4
       7
       5
       5
       5
       7
       3
       6
       5
       5
       6
       3
       5
       5
       4
       3
       5
       4
       8
       7
       5
       5
       3
       5
       6
       5
       1
       5
       5
       2
       2
       6
       8
       2
       3
       6
       3
       4
       6
       8
       2
       6
       1
       8
       6
       3
       9
       4
       8
       6
       6
       5
       4
       5
      10
       4
       6
       9
       3
      10
       4
       3
       6
       4
       3
       4
       8
       5
       2
       4
       6
       4
       3
       2
       6
       4
       8
       4
       5
      10
       3
       7
       6
       4
       4
       8
       6
       6
       4
       6
       5
       5
       3
       5
       6
       2
       5
       7
       4
       5
       3
      10
       7
      10
       5
       5
       3
       4
       4
       5
       5
       1
       5
       9
       9
       7
       9
       2
      10
       5
       8
       4
       2
       3
       1
       7
       1
       4
       4
       0
       6
       8
       3
       6
       8
       5
       3
       3
       7
       8
       6
       6
       6
       3
       9
       1
       5
       4
       3
       3
       5
       4
       7
       7
       2
       7
       5
       4
      12
       7
       2
       8
       3
       7
       1
       4
       6
       6
       4
       2
       3
       7
       9
       8
       6
       6
       4
       7
       8
       5
       6
       3
       6
       7
       6
      11
       4
       8
       1
       6
       6
       6
       7
       4
       8
       5
       3
       4
       5
       5
       2
       4
       7
       9
       3
       9
       5
       4
       8
       6
       7
       5
       5
       5
       1
       2
       5
       4
       6
      11
       8
       6
       3
       7
       3
       1
       5
       5
       4
       9
       9
       3
       7
       7
       7
       1
       4
       2
       4
       3
       5
      12
       3
       6
       8
       2
       4
       4
       8
       4
       4
       3
       5
       2
       3
       4
       4
       3
      10
       3
       5
       9
       9
       3
       7
       3
       3
       6
       5
       3
       7
       4
       4
       4
       5
       7
      10
       2
       4
       3
       3
       1
       3
       3
       5
       8
       4
       7
       4
       8
       5
       3
       7
       5
       3
       4
       5
       8
       8
       6
       4
       9
       5
       6
       5
       6
       9
       6
       3
       4
       6
       0
       4
       8
       4
       3
       5
       4
       3
       4
       5
       4
       5
       5
       2
       6
       6
       2
       6
       4
       2
       2
       6
       6
       5
       5
       3
       9
       7
       2
       1
       3
       6
       6
       2
       7
       8
       4
       5
       4
       3
       2
       5
       1
       7
       2
       4
       5
       7
       4
       6
       7
       2
       8
       6
       0
       9
       4
       4
       6
       3
       1
       4
       8
       6
       7
       7
      10
       4
       5
       5
       8
      10
       3
      11
       6
       7
       1
       5
       5
       0
       3
       6
       7
       6
       9
       7
       5
       6
       2
       6
       2
       6
       4
       7
       1
       2
       5
       6
      10
       3
       6
       4
       3
       4
       4
       5
       5
       3
       3
      10
       4
       5
       6
       6
       4
       2
       3
       9
       6
      11
       8
       2
       1
       2
       3
       5
       4
       7
       5
       4
       6
       5
      10
       8
       5
       3
       4
       4
       6
       8
       4
       8
       5
       0
       2
       3
       6
       3
       5
       6
       6
       1
       5
       4
       6
       3
      11
       6
       4
       4
       4
       4
       3
       5
       6
       4
       3
       5
       5
      10
       6
       5
       8
      10
       4
       5
       1
       2
       2
       4
       3
       6
       1
       5
       4
       5
       6
       6
       3
      12
       7
       4
       8
       5
       7
       7
       6
       4
       7
       6
       3
       5
       0
       0
       0
       0
       0
       0
       0
       0
       0
       0
       0
       0
       0
       0
       0
       0
       0
       0
       0
       0
       0
       0
       0
       0
       0
       0
       0
       0
       0
       0
       0
       0
       0
       0
       0
       0
       0
       0
       0
       0
       0
       0
       0
       0
       0
       0
       0
       0
       0
       0
       0
       0
       0
       0
       0
       0
       0
       0
       0
       0
       0
       0
       0
       0
$ROI:
2
2479 2859
3179 3551
$PRESETS:
None
0
0
$ENER_FIT:
0.000000 0.200885
$MCA_CAL:
3
0.000000E+000 2.008851E-001 0.000000E+000 keV
$SHAPE_CAL:
3
8.321439E+001 0.000000E+000 0.000000E+000
