$SPEC_ID:
No sample description was entered.
$SPEC_REM:
DET# 1
DETDESC# FSGUNIV-O93LS3D Easy-MCA-8k SN 17088661
AP# Maestro Version 7.01
$DATE_MEA:
03/11/2024 12:09:53
$MEAS_TIM:
360 361
$DATA:
0 2047
       0
       0
       0
       0
       0
       0
       0
       0
       0
       0
       0
       0
       0
       0
       0
       0
       0
       0
       0
       0
       0
       0
       0
       0
       0
       0
       0
       0
       0
       0
       0
       0
       0
       0
       0
       0
       0
       0
       0
       0
       9
       4
       5
       0
       4
       4
       3
       5
       4
       5
       4
       5
       4
       6
       7
       4
       4
       2
       4
       5
       5
       3
       2
       8
       4
       7
       6
       5
       6
       4
       5
       7
       6
       5
       5
       4
       9
       4
       6
      12
       8
       6
       5
       5
       7
       9
       5
       7
       4
       6
       8
       5
       5
       5
      10
       5
       2
       5
       7
       6
       6
       5
       7
       4
       4
      12
       4
       6
      11
       4
       6
       3
       6
       5
       3
       5
       8
       5
      12
       3
       9
       7
       8
       6
       2
       3
       8
       7
       7
       7
       9
       5
       6
       7
       8
       7
       3
       7
      11
       4
      10
       7
       7
       6
       8
       7
       5
       5
       4
       6
       8
       5
      11
       5
       6
       5
       5
      12
       5
       9
       5
      12
       6
      11
       4
      11
       8
       8
       8
       9
       7
      12
       9
      10
      12
       3
       8
       2
       3
       7
       5
       3
       3
       6
       9
      14
       5
      10
      11
      13
       7
       3
       5
      15
      12
      13
       4
       8
      14
       9
      20
      12
      15
       6
      19
      10
      15
      13
      17
       8
      16
       9
       8
      17
      17
      11
      16
      21
      12
      10
      15
      13
      10
       5
      11
      14
       6
      13
      18
       9
      10
      20
      12
      11
      15
       3
      14
       9
       4
       8
      10
       5
      11
      10
      12
       9
       6
       3
       9
       5
      15
      15
       5
      10
      11
       9
      13
       6
      13
       6
      11
       6
      13
      13
      11
      13
       9
       7
       5
      12
      10
      10
       6
      11
       8
       7
      11
       7
       8
       7
      11
       7
      10
       5
       7
      11
       9
      11
       8
       7
       6
       6
      14
      14
       6
       4
      12
       9
      13
       8
       4
      12
       5
      10
       9
      10
      15
      14
       4
      19
      11
       7
       8
      10
       7
      12
      14
      11
      14
      13
      13
       6
      13
      10
      12
       6
       8
      12
      15
      12
      12
      11
      11
       7
       9
      10
      11
      11
      18
      13
      16
       9
      11
       6
      11
      12
      12
      15
      20
      12
       8
      17
      10
       7
       7
      13
      11
      15
       7
      10
       9
       4
       8
      11
       8
      15
       7
      12
       7
      10
      17
      10
      12
      11
      10
       8
      12
       9
       9
      16
       8
      10
       7
      17
       6
       8
       9
      17
      12
       6
      12
       5
      11
      10
       6
       9
       6
       8
      15
      10
       6
      15
      10
       7
      13
       8
      15
       9
       7
      11
       7
      12
       8
      10
       6
      10
       8
       5
      10
       6
      12
      13
      15
      11
      10
       4
      10
       8
      12
       6
       8
      11
      12
       9
       8
       9
       8
      17
      10
       8
       5
       8
       9
       4
      10
       9
      11
       7
      12
      13
       6
      15
      14
       8
       7
       6
      12
       7
       6
       4
      10
       4
       7
      13
       6
       9
      10
      14
       5
       7
       4
      16
       7
      12
       7
       9
      14
       9
       6
       8
       5
       5
       7
       8
       8
       9
      12
       6
       3
       1
      10
       9
      13
       7
       7
       9
       7
       7
      11
       9
      13
      10
       6
       7
      15
       7
      13
       3
       8
       4
       9
      13
      12
      12
       6
       7
       5
       9
       5
       9
      11
       5
       7
      12
       6
       8
      15
      12
       2
       8
      10
       5
       9
      10
      14
       8
      11
      12
      11
       7
       7
       9
       9
       8
      10
      10
      10
       9
       7
      15
       7
       7
      11
       7
      11
       4
       8
       9
       7
       9
       6
       4
      10
       9
       5
       3
       9
       9
       6
       6
       8
       8
       8
       7
       5
       6
      10
       7
      10
       9
       8
       5
      18
       8
       9
       6
      14
       6
       6
       9
       4
      10
       4
       5
       9
       7
      11
       7
      11
       5
       7
       8
      10
      11
      12
       7
      10
       8
      11
       5
       4
       9
       7
       6
       7
       7
       6
       6
       5
       3
       8
       7
      11
       6
       6
       5
       9
      12
       9
       3
       8
      10
       5
       2
       6
       3
      12
       8
       4
       3
      12
       6
       4
       9
       7
       7
      13
       6
       8
       7
       3
       6
       9
       2
       5
       5
       3
       4
       5
      11
       9
       4
       6
      14
       3
      10
       5
       7
       8
       3
       6
       7
       8
       5
       8
       5
       3
       4
       9
       4
      10
       8
       4
       9
       7
       2
       4
       2
       5
       8
       3
       4
       4
       1
       7
       4
       3
       8
       3
       8
       8
       3
       3
       4
       5
       6
       5
       3
       4
       7
       4
       4
       5
       7
       7
       4
       6
       3
       7
       9
      10
       1
       4
       5
       4
       4
       6
       6
       5
       6
       4
       2
       6
       9
       6
       4
       2
       5
       7
       8
       4
       7
       4
       4
       4
       2
       7
       6
       5
       3
       4
       2
       6
       6
       4
       3
      12
       8
       5
       6
       5
       8
       3
       4
       6
       3
       3
       5
       6
       9
       4
       6
       2
       4
       5
       4
       4
       4
       4
       4
       7
       5
       3
       4
       1
       1
       3
       2
      11
       6
       4
       5
       7
       2
       8
       5
       3
       5
       4
       3
       3
       5
       5
       4
      11
       7
       8
       2
       9
       3
       9
       3
       2
       7
       1
       5
       5
       4
       8
       5
       7
       5
       5
       5
       7
       7
       2
       4
       2
       2
      12
       7
       2
       3
       2
       7
       6
       9
       6
       4
      10
       7
       6
      11
       4
       7
       4
       9
       6
       3
       4
       4
       6
       8
       6
       5
       8
       4
       7
       7
       6
       6
       4
       5
       7
       9
       5
       6
       8
       6
       9
       6
       8
      10
       8
       6
       9
       6
       9
       5
       5
      11
       4
       5
       7
       7
      12
       2
       6
       8
       7
       9
       7
       8
       5
       6
       5
      12
       9
      13
       9
      13
      11
       5
      11
      16
       6
      20
      10
      13
      10
      13
      18
       9
      13
      12
      18
      16
      12
      13
      12
      10
       7
      12
      15
      18
      23
      13
      19
      15
      18
      12
      16
      14
      12
      18
      18
      17
      14
      19
      20
      11
      19
      14
      20
      25
      17
      13
      23
      24
      22
      16
      20
      19
      17
      21
      32
      19
      23
      21
      23
      26
      31
      20
      28
      32
      33
      22
      26
      27
      19
      25
      36
      28
      28
      33
      23
      28
      20
      22
      21
      24
      21
      38
      42
      26
      27
      25
      25
      31
      31
      37
      19
      29
      37
      40
      33
      28
      32
      30
      36
      31
      36
      22
      30
      31
      36
      30
      32
      29
      39
      43
      37
      41
      40
      23
      33
      37
      30
      23
      32
      37
      29
      31
      44
      39
      31
      29
      32
      38
      28
      44
      37
      33
      37
      29
      29
      32
      40
      34
      33
      25
      32
      42
      20
      32
      37
      27
      21
      29
      26
      23
      35
      37
      35
      24
      24
      26
      26
      34
      31
      22
      26
      30
      19
      32
      32
      29
      25
      21
      17
      24
      27
      30
      27
      29
      25
      27
      18
      20
      22
      35
      23
      26
      33
      33
      23
      21
      18
      26
      22
      24
      25
      24
      17
      13
      19
      22
      16
      27
      16
      17
      19
      18
      14
      24
      18
      13
      17
      13
      19
       8
      13
      21
      17
      18
      14
      13
      20
      10
      18
      13
      11
      21
       9
      21
       7
      14
       6
      12
      16
       5
      21
      18
      13
      11
       6
      10
      14
      11
      10
       9
       5
       6
       4
       6
      10
      11
      10
      10
       4
      11
       9
      10
       6
       5
       7
      11
       8
       7
      10
       4
      10
       9
       5
       9
       3
       7
       5
       2
       8
       5
       3
       5
       5
       3
       3
       4
       5
       5
       4
       5
       5
       6
       2
       3
       1
       2
       1
       2
       2
       1
       3
       2
       3
       5
       3
       4
       4
       4
       2
       1
       3
       3
       5
       2
       3
       2
       2
       2
       7
       4
       2
       2
       3
       5
       3
       2
       4
       2
       1
       2
       0
       1
       4
       1
       5
       4
       3
       1
       0
       2
       2
       0
       2
       4
       2
       4
       4
       2
       1
       1
       0
       0
       3
       3
       6
       3
       0
       4
       0
       1
       1
       3
       5
       0
       1
       1
       2
       0
       1
       2
       0
       2
       1
       0
       3
       2
       2
       0
       2
       5
       1
       4
       2
       1
       0
       2
       2
       0
       0
       1
       1
       4
       0
       0
       1
       2
       1
       0
       1
       3
       0
       2
       0
       0
       1
       3
       0
       1
       1
       1
       0
       2
       1
       2
       1
       0
       0
       3
       2
       1
       4
       0
       2
       1
       1
       0
       1
       2
       0
       2
       0
       0
       0
       2
       3
       0
       0
       1
       1
       3
       0
       0
       1
       2
       0
       0
       1
       0
       1
       0
       1
       0
       4
       1
       2
       0
       1
       0
       1
       2
       1
       1
       0
       1
       1
       0
       0
       0
       1
       4
       2
       0
       2
       1
       1
       2
       1
       1
       1
       0
       0
       4
       2
       1
       0
       0
       2
       1
       0
       1
       0
       2
       0
       1
       1
       2
       0
       0
       2
       0
       0
       1
       1
       0
       1
       1
       2
       2
       1
       0
       0
       0
       1
       1
       2
       0
       1
       1
       1
       1
       1
       0
       1
       0
       0
       3
       1
       1
       2
       0
       1
       1
       2
       1
       2
       1
       2
       2
       2
       0
       1
       2
       1
       0
       2
       0
       1
       0
       2
       1
       1
       1
       0
       0
       1
       2
       2
       0
       1
       0
       1
       1
       1
       4
       2
       2
       0
       0
       0
       0
       1
       2
       2
       1
       0
       0
       0
       0
       1
       1
       0
       0
       2
       1
       1
       0
       1
       0
       0
       0
       1
       4
       1
       1
       0
       0
       2
       3
       0
       1
       1
       0
       0
       0
       0
       0
       2
       0
       0
       1
       0
       0
       1
       0
       0
       0
       0
       0
       0
       0
       1
       1
       1
       0
       0
       0
       1
       1
       0
       0
       0
       2
       2
       1
       1
       0
       0
       0
       0
       2
       0
       1
       1
       0
       1
       0
       0
       1
       1
       1
       2
       0
       1
       0
       1
       1
       0
       0
       0
       1
       2
       0
       0
       0
       1
       1
       1
       1
       0
       0
       2
       0
       0
       0
       0
       2
       1
       1
       0
       1
       1
       1
       0
       1
       0
       0
       1
       0
       0
       0
       1
       2
       1
       0
       0
       0
       0
       0
       1
       1
       0
       0
       1
       1
       0
       1
       1
       1
       0
       1
       1
       0
       1
       0
       0
       1
       0
       0
       2
       0
       1
       0
       0
       0
       0
       1
       1
       0
       0
       0
       0
       0
       0
       0
       1
       1
       1
       0
       0
       1
       1
       1
       0
       2
       1
       0
       0
       0
       0
       2
       1
       0
       1
       2
       0
       0
       1
       0
       0
       2
       0
       1
       0
       1
       0
       0
       0
       0
       0
       0
       0
       1
       1
       0
       0
       0
       0
       0
       0
       0
       0
       1
       1
       0
       0
       0
       0
       1
       0
       0
       0
       0
       0
       1
       1
       2
       2
       0
       1
       0
       1
       0
       1
       0
       0
       1
       0
       0
       0
       1
       0
       1
       0
       1
       0
       1
       0
       0
       0
       1
       0
       0
       3
       0
       0
       1
       1
       0
       0
       1
       0
       0
       0
       1
       0
       0
       0
       0
       1
       0
       0
       0
       1
       0
       1
       0
       0
       0
       0
       0
       0
       0
       1
       0
       0
       1
       1
       0
       0
       0
       0
       1
       0
       0
       0
       0
       0
       0
       2
       0
       0
       1
       2
       0
       0
       2
       0
       0
       1
       1
       0
       1
       1
       1
       0
       0
       0
       0
       0
       1
       0
       0
       1
       0
       0
       0
       0
       1
       0
       1
       2
       1
       0
       0
       0
       1
       0
       0
       0
       1
       0
       1
       0
       0
       0
       0
       1
       0
       0
       2
       0
       0
       0
       0
       1
       0
       1
       0
       0
       0
       0
       1
       1
       0
       0
       0
       0
       0
       0
       0
       0
       0
       1
       1
       3
       0
       0
       0
       1
       0
       2
       1
       0
       0
       0
       0
       3
       0
       2
       1
       0
       0
       0
       0
       0
       0
       0
       1
       0
       0
       0
       0
       0
       0
       1
       1
       0
       0
       2
       0
       0
       0
       0
       0
       1
       0
       1
       0
       0
       0
       0
       0
       0
       0
       1
       0
       1
       1
       0
       0
       1
       1
       1
       0
       0
       0
       0
       0
       0
       0
       1
       0
       0
       0
       1
       2
       0
       1
       0
       1
       0
       0
       0
       0
       0
       0
       0
       0
       0
       0
       0
       1
       0
       1
       0
       0
       0
       0
       0
       1
       0
       1
       0
       0
       0
       0
       0
       1
       0
       0
       1
       0
       0
       1
       1
       0
       1
       1
       0
       1
       0
       1
       2
       2
       0
       0
       0
       0
       1
       0
       0
       1
       0
       0
       0
       0
       0
       3
       0
       1
       1
       0
       0
       1
       0
       0
       1
       0
       0
       0
       1
       1
       0
       2
       0
       0
       0
       0
       0
       0
       0
       0
       0
       1
       0
       0
       1
       0
       0
       0
       0
       0
       0
       0
       0
       0
       0
       0
       0
       0
       0
       1
       0
       0
       0
       0
       0
       0
       0
       0
       0
       0
       0
       0
       0
       0
       0
       0
       0
       0
       0
       0
       0
       0
       0
       0
       0
       0
       0
       0
       0
       0
       0
       0
       0
       0
$ROI:
6
67 116
196 256
297 368
871 937
1189 1365
1529 1730
$PRESETS:
None
0
0
$ENER_FIT:
-0.231476 0.346771
$MCA_CAL:
3
-2.314757E-001 3.467707E-001 5.144805E-005 keV
$SHAPE_CAL:
3
1.165611E+001 9.210392E-002 -6.085550E-005
