$SPEC_ID:
No sample description was entered.
$SPEC_REM:
DET# 1
DETDESC# FSGUNIV-O93LS3D Easy-MCA-8k SN 17088661
AP# Maestro Version 7.01
$DATE_MEA:
03/11/2024 12:16:32
$MEAS_TIM:
328 329
$DATA:
0 2047
       0
       0
       0
       0
       0
       0
       0
       0
       0
       0
       0
       0
       0
       0
       0
       0
       0
       0
       0
       0
       0
       0
       0
       0
       0
       0
       0
       0
       0
       0
       0
       0
       0
       0
       0
       0
       0
       0
       0
       0
       5
       4
       3
       0
       5
       3
       6
       2
       3
       5
       4
       4
       6
       6
       2
       3
       5
       3
       5
       4
       5
       3
       6
       3
       2
       2
       5
       4
       8
       3
       7
       6
       6
       4
       4
      10
       5
       2
       8
       4
       4
       6
       5
       6
       4
       8
       7
       6
       6
       4
       5
       7
       7
       5
       5
       3
       3
       1
       6
       4
       5
       8
       1
       6
       7
       7
      10
       4
       4
       4
       4
       3
       8
       7
       8
       6
       3
       7
       3
       9
       5
       8
       4
       2
       2
       7
       2
       6
       4
       6
       3
       6
       4
       7
       4
      11
      10
       5
       3
       6
       6
       6
       9
       7
       6
       1
       5
       7
       5
       4
       4
       3
       4
       3
       3
       2
       4
       4
       3
       5
       5
       3
       6
      11
       5
       6
       5
      10
       4
       5
       5
       2
       6
       8
       9
       7
       3
       6
       8
       8
       4
       1
       9
       7
       8
       4
       8
       7
       8
       9
       2
      14
      12
       6
       5
      10
       6
       5
      12
       7
      10
      15
       6
       6
      14
       9
       9
      11
       9
       9
      11
       6
       9
      11
      14
      16
      12
      10
       9
       6
       5
      11
       9
       9
       6
       5
      13
       8
      12
       9
       8
       7
       3
       7
      11
       9
       7
       8
       7
       3
       6
      10
       8
       6
       2
      13
       7
       3
      14
       7
       1
       9
       6
       5
       3
       2
       4
       2
       9
       5
       0
       4
       6
       9
       6
       6
       7
       8
       7
       8
       6
       6
       3
       9
       6
       4
       8
       7
       6
       7
      11
       9
       5
      10
       1
       5
       9
      11
       5
       6
       5
       7
       5
       5
       7
       7
       4
       5
       5
       7
       4
       7
       3
       8
       8
       8
       8
       8
       9
       7
       1
       8
      13
      10
      11
       8
       7
      11
       9
       5
       5
       7
      14
       6
      11
       6
       9
       5
       6
       3
      13
      10
       6
       9
      15
       5
       4
       8
       8
       6
      11
       5
      12
       9
       8
      15
       5
       3
       9
      10
      18
       6
       9
       7
       9
       6
       7
       6
       9
      10
      11
       8
       8
       4
      14
       7
      11
       2
       7
      12
       8
      11
      10
       7
       5
       7
       6
       8
       7
       4
       6
      12
       8
      13
       5
       7
       6
       6
       9
       4
       2
      10
       7
      10
       5
       5
       6
       8
       6
      10
       5
       7
       4
      11
       4
       4
       7
      10
      10
      11
       3
      10
       8
       5
       8
       5
      10
       4
       7
       8
      12
       6
       3
      11
      10
       7
       6
       7
       7
       4
      10
       4
       9
       7
       7
       9
      11
       6
       9
       4
      11
       9
       7
       7
       8
       7
       8
       5
      11
       9
       6
       8
       7
       8
       8
       9
       8
       7
       8
       7
       9
      11
      10
       7
       6
       5
       5
       8
      12
      14
      10
      13
       7
       6
       7
       8
       3
       5
      12
       2
      10
      12
       6
      13
       7
       3
       6
       7
       7
      10
       7
       7
       6
      11
      12
       8
       8
       4
      11
       8
       7
       4
       2
       5
      11
       9
       7
       6
       9
       8
       3
      10
       4
       7
       8
       3
       4
       6
       3
       6
      10
       6
       5
       7
       6
       6
      12
       2
      11
       5
      12
       6
       5
       8
       9
       6
      11
       8
       5
       5
       8
       7
       6
       5
       6
       4
       6
       7
       9
       5
       4
       9
       5
       4
       6
       4
      10
       5
       6
       3
       6
       5
       7
       2
       5
       5
       3
       7
       4
       4
       8
      11
       7
       3
      10
       4
       5
       9
       9
       6
       6
      10
       8
       8
       5
       9
       3
      11
       5
       2
       4
       8
       7
       6
      10
       3
       7
       7
       5
       5
       5
       5
       9
       5
       6
       4
       8
       6
       3
       6
       4
       1
       7
       4
       2
       9
       2
       7
       4
       9
       5
      11
       3
       9
       6
       3
       6
       3
       7
       6
      12
       8
       6
       6
       1
       5
       4
       6
       4
       6
       5
       6
       5
       5
       3
       0
       7
       5
       6
       8
       4
       4
       5
       5
       3
       3
       5
       4
       7
       1
       7
       3
       4
       5
       5
       7
      10
       5
       3
      10
       5
       3
       5
       6
       5
       4
       4
       3
       3
       0
       2
       2
       5
       2
       6
       3
       4
       6
       3
       4
       4
       3
       4
       5
       3
       2
       5
       9
       6
       4
       6
       6
       3
       3
       6
       2
       1
       4
       5
       2
       3
       3
       3
       4
       9
       4
       0
       8
       5
       7
       4
       3
       5
       3
       6
       2
       2
       5
       5
       2
       2
       3
       2
       4
       3
       6
       3
       6
       4
       5
       4
       3
       5
       2
       5
       2
       4
       5
       4
       4
       2
       6
       5
       2
       9
       2
       3
       3
       9
       6
       3
       3
       3
       5
       4
       3
       3
       3
       2
       4
       4
       3
       3
       5
       4
       4
       3
       3
       6
       4
       5
       5
       1
       4
       4
       2
       1
       4
       4
       6
       3
       3
       7
       3
       6
       4
       2
       3
       3
       2
       6
       2
       1
       2
       4
       3
       5
       7
       0
       2
       3
       3
       7
       1
       3
       3
       2
       8
       5
       6
       3
       2
       4
       2
       3
       5
       3
       4
       4
       3
       6
       5
       3
       4
       5
       5
       8
       1
       3
       4
       7
       5
       4
       6
       4
       1
       3
       8
       4
       2
       3
       5
       5
       1
       4
       8
       6
       7
      11
       4
       3
       4
      13
       3
      10
      11
       2
       6
       3
       5
       7
       6
       4
       7
       3
       4
       7
      11
       8
       6
      12
       2
       6
       8
      10
       5
       8
       5
       5
       7
       5
      10
       8
       4
       9
      13
       5
       7
       9
       4
       4
       7
      11
      10
      16
      16
      12
       8
       9
       7
       9
      11
       9
      10
      17
       9
       9
      12
       9
      13
       4
      16
      11
       6
      17
      16
      12
      13
      12
      10
       8
      15
      16
      19
      18
      14
      15
      17
      18
      14
      13
      16
      18
      12
       9
      24
      21
      11
      18
      10
      12
      21
      21
      11
      15
      23
      15
      10
      18
      13
      26
      21
      13
      15
      22
      19
      23
      17
      25
      20
      25
      19
      21
      25
      29
      24
      23
      19
      26
      23
      22
      30
      23
      24
      25
      15
      21
      30
      24
      35
      28
      25
      24
      23
      25
      18
      23
      30
      25
      16
      25
      31
      29
      21
      23
      19
      37
      33
      25
      22
      27
      20
      24
      31
      34
      28
      27
      23
      23
      31
      29
      22
      28
      24
      36
      22
      32
      28
      25
      22
      35
      35
      22
      21
      28
      22
      23
      28
      35
      33
      35
      30
      26
      22
      20
      24
      22
      36
      22
      25
      18
      17
      16
      31
      29
      19
      21
      18
      31
      23
      28
      27
      27
      30
      16
      24
      13
      24
      21
      13
      27
      27
      33
      23
      15
      21
      26
      24
      19
      24
      18
      19
      16
      17
      26
      23
      13
      15
      17
      13
      23
      18
      20
      17
      22
      20
      19
      14
      13
      15
      18
      13
      19
      16
      10
      17
      18
      10
      18
       5
      14
      17
      12
      15
      15
      12
      11
      17
      11
      12
      11
      12
       7
       9
       4
      11
      14
      16
       5
       8
      13
       7
       8
      15
      12
       5
       7
       7
       9
       4
       8
      10
       6
       9
       9
       6
       4
       7
       8
       3
       9
      10
       7
       6
      10
       7
       4
      10
       4
      12
       7
       3
       3
       4
       7
       8
       2
       7
       1
       7
       4
       3
       4
       2
       3
       3
       1
       1
       5
       6
       2
       4
       4
       4
       5
       7
       7
       1
       4
       3
       2
       3
       0
       4
       0
       6
       3
       1
       1
       4
       3
       2
       1
       3
       2
       1
       2
       1
       1
       2
       2
       2
       5
       3
       0
       2
       5
       1
       1
       3
       1
       1
       1
       1
       2
       1
       3
       0
       0
       1
       2
       2
       2
       1
       3
       3
       0
       2
       2
       4
       1
       2
       0
       3
       0
       2
       1
       0
       1
       2
       2
       0
       4
       2
       0
       2
       0
       2
       3
       2
       0
       1
       0
       1
       0
       4
       3
       1
       1
       2
       0
       0
       1
       1
       1
       1
       3
       1
       0
       0
       1
       2
       0
       0
       1
       0
       2
       0
       1
       1
       0
       0
       1
       0
       1
       3
       2
       2
       0
       1
       0
       2
       0
       2
       0
       1
       2
       1
       0
       1
       0
       0
       1
       0
       0
       1
       0
       0
       3
       2
       1
       0
       0
       2
       0
       1
       1
       0
       1
       1
       0
       3
       1
       1
       0
       1
       0
       1
       1
       0
       4
       0
       2
       2
       0
       1
       0
       1
       2
       1
       0
       2
       1
       2
       1
       0
       1
       1
       1
       2
       0
       0
       2
       2
       2
       2
       1
       1
       1
       3
       1
       1
       0
       1
       0
       1
       2
       0
       3
       1
       2
       0
       2
       0
       1
       0
       2
       1
       0
       1
       1
       1
       0
       1
       1
       1
       2
       0
       3
       0
       1
       2
       0
       0
       1
       1
       1
       1
       1
       1
       1
       1
       1
       1
       1
       1
       1
       0
       1
       2
       1
       1
       1
       0
       1
       1
       1
       1
       0
       1
       0
       0
       1
       1
       2
       0
       0
       0
       0
       1
       1
       1
       2
       2
       1
       0
       1
       0
       1
       1
       1
       3
       1
       2
       0
       1
       2
       1
       0
       0
       2
       1
       0
       1
       1
       0
       0
       1
       1
       0
       1
       0
       1
       1
       1
       0
       1
       0
       1
       1
       1
       0
       0
       1
       0
       3
       2
       0
       0
       2
       0
       1
       1
       0
       2
       0
       0
       1
       1
       0
       0
       1
       0
       0
       3
       0
       0
       0
       2
       1
       1
       1
       1
       3
       0
       1
       1
       1
       1
       1
       0
       0
       1
       1
       1
       0
       0
       0
       0
       2
       1
       0
       1
       0
       0
       2
       0
       1
       2
       0
       0
       0
       0
       0
       2
       0
       0
       0
       2
       2
       2
       1
       1
       0
       0
       3
       0
       0
       3
       2
       1
       1
       1
       1
       1
       0
       1
       0
       1
       0
       0
       0
       0
       4
       0
       0
       2
       0
       0
       0
       0
       1
       0
       1
       3
       0
       0
       0
       0
       0
       0
       0
       0
       3
       0
       0
       1
       0
       0
       1
       0
       0
       1
       0
       0
       1
       1
       1
       0
       0
       0
       1
       1
       2
       1
       1
       0
       0
       0
       0
       0
       0
       0
       0
       0
       3
       0
       0
       0
       1
       0
       0
       1
       1
       1
       2
       0
       1
       0
       0
       0
       1
       0
       0
       1
       1
       0
       1
       0
       1
       0
       0
       1
       2
       0
       3
       0
       1
       0
       0
       1
       0
       1
       0
       0
       0
       0
       1
       0
       0
       0
       0
       0
       1
       1
       1
       0
       1
       0
       2
       0
       0
       0
       0
       0
       0
       0
       0
       0
       0
       1
       1
       2
       1
       1
       0
       1
       0
       1
       0
       2
       2
       0
       0
       0
       0
       0
       0
       1
       0
       0
       0
       0
       1
       1
       0
       0
       1
       0
       0
       0
       1
       1
       1
       0
       1
       0
       1
       0
       0
       0
       0
       0
       0
       0
       0
       0
       0
       1
       0
       1
       0
       0
       0
       0
       0
       1
       1
       0
       0
       0
       0
       0
       0
       1
       0
       0
       0
       0
       0
       1
       0
       0
       1
       0
       0
       0
       0
       0
       1
       0
       0
       0
       1
       1
       0
       1
       0
       0
       0
       0
       0
       0
       0
       0
       0
       0
       1
       1
       0
       0
       0
       0
       0
       0
       0
       0
       0
       0
       0
       0
       1
       1
       1
       0
       0
       1
       0
       1
       1
       0
       1
       0
       0
       1
       0
       1
       0
       0
       0
       0
       0
       0
       0
       0
       0
       0
       0
       0
       1
       0
       0
       0
       0
       0
       0
       0
       0
       0
       0
       0
       0
       0
       0
       0
       1
       0
       1
       0
       0
       0
       0
       0
       0
       0
       1
       0
       0
       0
       0
       1
       0
       0
       0
       0
       0
       0
       0
       0
       0
       0
       1
       2
       0
       0
       0
       1
       0
       0
       1
       0
       1
       1
       1
       0
       0
       0
       0
       0
       0
       0
       0
       0
       0
       0
       0
       0
       0
       0
       0
       0
       0
       0
       0
       1
       1
       0
       0
       0
       0
       0
       2
       0
       0
       0
       0
       0
       0
       0
       1
       0
       1
       0
       2
       1
       0
       0
       0
       0
       0
       0
       0
       0
       0
       0
       1
       0
       0
       2
       0
       0
       0
       0
       0
       0
       0
       0
       0
       0
       0
       0
       0
       1
       0
       1
       0
       0
       0
       0
       0
       0
       0
       1
       0
       0
       1
       0
       1
       0
       0
       0
       0
       0
       0
       0
       1
       0
       0
       0
       0
       1
       0
       0
       0
       0
       1
       0
       0
       0
       0
       1
       0
       0
       1
       0
       0
       0
       0
       0
       0
       0
       1
       0
       1
       1
       1
       1
       1
       1
       2
       1
       0
       0
       0
       0
       0
       0
       0
       0
       0
       0
       0
       0
       0
       0
       0
       0
       0
       0
       0
       0
       0
       0
       0
       0
       0
       0
       0
       0
       0
       0
       0
       0
       0
       0
       0
       0
       0
$ROI:
6
67 116
196 256
297 368
871 937
1189 1365
1529 1730
$PRESETS:
None
0
0
$ENER_FIT:
-0.231476 0.346771
$MCA_CAL:
3
-2.314757E-001 3.467707E-001 5.144805E-005 keV
$SHAPE_CAL:
3
1.165611E+001 9.210392E-002 -6.085550E-005
