$SPEC_ID:
No sample description was entered.
$SPEC_REM:
DET# 1
DETDESC# FSGUNIV-O93LS3D Easy-MCA-8k SN 17088661
AP# Maestro Version 7.01
$DATE_MEA:
03/11/2024 09:53:24
$MEAS_TIM:
195 300
$DATA:
0 2047
       0
       0
       0
       0
       0
       0
       0
       0
       0
       0
       0
       0
       0
       0
       0
       0
       0
       0
       0
       0
       0
       0
       0
       0
       0
       0
       0
       0
       0
       0
       0
       0
       0
       0
       0
       0
       0
       0
       0
       2
     159
     239
     226
     228
     252
     255
     225
     218
     238
     240
     211
     204
     191
     225
     213
     210
     223
     207
     228
     232
     232
     214
     244
     233
     241
     231
     226
     230
     201
     226
     245
     243
     259
     226
     251
     247
     214
     236
     229
     269
     235
     258
     228
     245
     232
     251
     244
     256
     229
     239
     250
     246
     241
     232
     245
     210
     238
     253
     253
     253
     257
     254
     269
     228
     242
     229
     271
     239
     243
     279
     198
     247
     246
     281
     265
     277
     265
     217
     251
     252
     271
     278
     260
     250
     261
     248
     272
     275
     228
     253
     266
     269
     260
     250
     275
     271
     279
     251
     264
     292
     268
     278
     260
     288
     270
     250
     268
     257
     244
     245
     261
     248
     255
     271
     277
     233
     286
     296
     299
     266
     289
     280
     250
     279
     280
     253
     264
     271
     267
     249
     284
     273
     282
     278
     261
     247
     270
     246
     284
     292
     309
     254
     254
     280
     260
     275
     293
     278
     267
     279
     293
     281
     266
     269
     285
     276
     244
     256
     295
     279
     306
     307
     326
     342
     303
     310
     328
     298
     321
     294
     281
     332
     276
     296
     295
     342
     326
     316
     304
     310
     311
     343
     289
     309
     289
     318
     314
     290
     301
     296
     319
     337
     286
     329
     312
     295
     318
     313
     262
     292
     322
     279
     293
     270
     303
     309
     292
     277
     271
     284
     277
     302
     249
     268
     262
     284
     291
     267
     259
     260
     294
     275
     264
     279
     276
     303
     274
     269
     312
     277
     279
     281
     250
     263
     285
     264
     243
     288
     272
     291
     281
     259
     278
     272
     273
     297
     257
     267
     288
     258
     266
     269
     282
     262
     273
     328
     258
     291
     270
     279
     265
     272
     271
     275
     279
     246
     313
     286
     262
     293
     282
     282
     296
     293
     306
     269
     293
     292
     300
     299
     291
     295
     280
     285
     267
     251
     286
     258
     302
     286
     281
     297
     292
     279
     269
     275
     287
     258
     330
     279
     298
     293
     298
     292
     283
     301
     261
     307
     295
     286
     273
     270
     284
     285
     285
     276
     269
     287
     310
     313
     275
     295
     312
     282
     264
     293
     289
     293
     311
     297
     256
     272
     271
     303
     286
     317
     302
     287
     277
     269
     281
     303
     291
     262
     292
     265
     277
     290
     280
     296
     293
     275
     314
     268
     280
     297
     310
     293
     292
     311
     271
     274
     276
     294
     293
     310
     297
     286
     336
     306
     293
     235
     314
     304
     297
     311
     307
     268
     304
     311
     291
     276
     307
     293
     297
     301
     305
     329
     304
     290
     307
     278
     327
     279
     280
     303
     296
     272
     297
     301
     283
     302
     307
     274
     321
     304
     325
     347
     298
     348
     328
     308
     307
     334
     304
     299
     323
     323
     311
     340
     337
     325
     317
     316
     347
     300
     306
     324
     316
     311
     344
     311
     351
     324
     297
     313
     337
     306
     307
     346
     286
     347
     340
     322
     304
     316
     318
     333
     337
     330
     321
     277
     330
     325
     333
     332
     331
     291
     330
     355
     338
     329
     334
     303
     312
     336
     342
     354
     366
     329
     336
     346
     306
     345
     340
     351
     354
     330
     334
     317
     344
     317
     336
     350
     348
     345
     338
     308
     294
     337
     308
     316
     370
     343
     325
     338
     333
     354
     340
     359
     360
     347
     309
     315
     294
     327
     333
     350
     320
     308
     307
     298
     361
     337
     315
     303
     337
     362
     352
     329
     353
     303
     320
     288
     361
     328
     317
     314
     309
     316
     312
     311
     312
     323
     314
     306
     345
     321
     318
     289
     322
     326
     306
     325
     320
     309
     328
     319
     274
     333
     302
     289
     339
     319
     327
     342
     329
     332
     298
     343
     323
     330
     295
     293
     341
     325
     296
     308
     292
     326
     317
     277
     357
     294
     306
     265
     323
     355
     301
     323
     301
     307
     307
     287
     331
     289
     338
     328
     316
     306
     322
     315
     319
     290
     314
     341
     311
     323
     315
     353
     308
     300
     305
     320
     301
     333
     298
     320
     323
     294
     309
     306
     301
     283
     314
     309
     319
     296
     344
     293
     337
     308
     327
     327
     314
     294
     321
     287
     298
     312
     324
     276
     315
     306
     312
     303
     339
     347
     294
     297
     312
     313
     320
     320
     312
     333
     308
     284
     312
     300
     302
     309
     289
     311
     297
     326
     336
     289
     330
     277
     293
     336
     331
     287
     305
     289
     296
     305
     313
     307
     308
     323
     332
     274
     290
     287
     286
     283
     314
     296
     306
     301
     336
     319
     303
     326
     328
     309
     298
     314
     300
     298
     279
     303
     301
     296
     286
     281
     289
     296
     296
     303
     277
     347
     285
     312
     279
     314
     272
     325
     305
     310
     306
     322
     290
     286
     294
     302
     290
     307
     304
     302
     308
     313
     326
     312
     315
     254
     298
     298
     310
     323
     314
     331
     294
     298
     313
     315
     310
     288
     325
     268
     332
     320
     308
     334
     312
     303
     293
     290
     304
     328
     285
     336
     316
     282
     301
     300
     294
     315
     292
     312
     297
     299
     328
     348
     344
     304
     313
     304
     281
     303
     319
     287
     277
     301
     300
     303
     311
     326
     311
     292
     308
     282
     315
     284
     294
     286
     324
     327
     288
     293
     308
     284
     316
     335
     308
     303
     325
     300
     328
     295
     306
     314
     287
     285
     285
     273
     330
     306
     291
     316
     313
     285
     287
     285
     322
     284
     320
     320
     284
     336
     288
     299
     290
     307
     295
     292
     302
     303
     312
     315
     315
     282
     313
     291
     304
     327
     324
     320
     341
     331
     296
     292
     317
     315
     320
     302
     312
     302
     304
     315
     312
     311
     307
     296
     316
     329
     309
     294
     281
     322
     297
     296
     317
     303
     321
     297
     311
     328
     307
     324
     315
     313
     320
     307
     313
     327
     292
     311
     337
     301
     291
     277
     316
     286
     282
     288
     306
     299
     302
     296
     328
     309
     311
     327
     330
     327
     287
     290
     318
     313
     342
     302
     331
     354
     303
     296
     299
     332
     289
     318
     322
     315
     308
     324
     328
     328
     261
     295
     312
     325
     337
     319
     344
     313
     322
     313
     322
     297
     297
     352
     315
     320
     307
     314
     306
     327
     300
     304
     306
     330
     297
     324
     299
     320
     305
     312
     287
     302
     298
     336
     302
     322
     309
     327
     323
     291
     308
     333
     339
     288
     312
     322
     311
     287
     321
     347
     321
     320
     357
     325
     318
     337
     296
     350
     299
     338
     318
     328
     286
     309
     357
     338
     302
     338
     303
     336
     332
     345
     307
     305
     324
     300
     350
     317
     310
     302
     346
     333
     301
     310
     319
     346
     347
     357
     334
     325
     304
     333
     359
     325
     345
     363
     333
     339
     320
     298
     297
     309
     327
     311
     313
     327
     319
     346
     326
     313
     306
     376
     328
     326
     305
     307
     347
     303
     325
     307
     313
     333
     339
     337
     282
     322
     343
     300
     348
     321
     306
     318
     348
     317
     324
     319
     300
     352
     325
     320
     320
     337
     288
     298
     318
     309
     337
     330
     316
     339
     337
     315
     322
     317
     335
     294
     312
     315
     324
     326
     316
     289
     347
     325
     298
     339
     326
     328
     332
     322
     326
     332
     289
     306
     332
     321
     310
     277
     315
     303
     301
     316
     255
     330
     277
     310
     309
     278
     294
     314
     294
     294
     322
     295
     295
     275
     293
     280
     268
     265
     268
     267
     265
     288
     288
     290
     268
     224
     266
     236
     232
     271
     225
     235
     228
     240
     225
     245
     233
     267
     221
     216
     242
     245
     251
     235
     242
     232
     231
     202
     198
     233
     186
     210
     206
     194
     216
     187
     200
     185
     170
     183
     202
     170
     193
     174
     210
     205
     188
     188
     183
     165
     181
     153
     197
     150
     157
     186
     177
     168
     171
     143
     152
     162
     158
     151
     153
     155
     155
     140
     164
     172
     152
     166
     159
     175
     147
     123
     153
     139
     150
     145
     163
     150
     156
     138
     137
     154
     121
     139
     145
     128
     127
     150
     129
     134
     124
     114
     128
     153
     157
     114
     123
     121
     123
     117
     125
     113
     100
     146
     139
     122
     121
     111
     142
     104
     121
     136
     125
     135
     108
     131
     120
     137
     107
     135
     102
     124
      97
     125
     119
     114
     127
     100
     119
     126
     107
     119
     126
     112
     128
     119
     156
     121
     112
     138
     116
     137
     122
     126
     115
     114
     118
     129
     115
     113
     111
     103
      97
     132
     126
     112
     109
     129
     115
     135
     116
     110
     113
     110
     136
     123
     141
     116
     100
     109
      92
     115
     109
     126
     121
     115
     114
     130
     128
     122
     103
     112
      93
     100
     112
     123
     112
     129
     106
     119
     131
      93
     112
      94
     106
     116
     123
     129
     117
     107
     109
     114
     114
     100
     120
     106
     147
     132
     113
     114
     107
     111
     122
     135
     130
     126
     111
     113
     122
     114
     111
     143
     108
     131
     120
     118
     121
     137
     108
     157
     119
     120
     125
     141
     119
     117
     115
     111
     111
     115
      99
     115
     136
     111
     115
     124
     111
     106
     101
     127
     120
     114
     122
     109
     121
     116
     136
     124
     100
     127
      98
     109
     110
     112
     117
     110
     125
     149
     116
     119
     114
     115
     136
     113
     134
     140
     132
     141
     134
     141
     126
     118
     137
     130
     116
     132
     119
     144
     121
     115
     125
     128
     147
     129
     123
     132
     125
     132
     139
     133
     154
     135
     146
     122
     149
     157
     137
     150
     167
     139
     164
     168
     134
     157
     134
     161
     154
     149
     145
     170
     162
     166
     187
     168
     181
     185
     205
     191
     186
     204
     201
     192
     184
     234
     183
     186
     227
     234
     221
     224
     252
     207
     227
     235
     263
     285
     279
     263
     236
     259
     255
     280
     279
     272
     302
     301
     318
     331
     277
     370
     364
     362
     376
     378
     390
     405
     402
     413
     421
     453
     450
     503
     453
     485
     486
     498
     546
     532
     572
     575
     601
     600
     578
     619
     642
     670
     678
     704
     747
     776
     729
     747
     766
     730
     797
     825
     882
     850
     904
     895
     901
     941
     962
     957
     987
    1043
    1065
    1107
    1151
    1206
    1161
    1179
    1213
    1203
    1210
    1274
    1402
    1329
    1391
    1323
    1416
    1409
    1500
    1487
    1539
    1522
    1540
    1563
    1557
    1585
    1658
    1730
    1694
    1783
    1735
    1784
    1804
    1886
    1858
    1920
    1930
    1957
    1983
    1919
    2031
    2127
    2082
    2089
    2047
    2145
    2113
    2129
    2160
    2254
    2210
    2239
    2353
    2306
    2233
    2369
    2315
    2472
    2390
    2385
    2354
    2416
    2461
    2517
    2379
    2444
    2554
    2598
    2421
    2633
    2483
    2494
    2513
    2552
    2464
    2423
    2502
    2437
    2513
    2474
    2509
    2469
    2445
    2332
    2414
    2518
    2408
    2420
    2452
    2412
    2459
    2402
    2483
    2474
    2391
    2371
    2327
    2361
    2239
    2229
    2242
    2190
    2249
    2212
    2105
    2174
    2141
    2117
    2077
    2035
    1966
    2068
    1914
    1946
    1929
    1891
    1870
    1817
    1872
    1888
    1664
    1702
    1697
    1700
    1610
    1558
    1605
    1520
    1446
    1395
    1484
    1440
    1350
    1397
    1308
    1239
    1246
    1276
    1196
    1209
    1093
    1145
    1070
    1049
    1086
    1021
     920
     937
     936
     906
     831
     856
     874
     813
     786
     795
     738
     735
     713
     617
     620
     662
     601
     609
     555
     478
     539
     514
     530
     473
     447
     423
     415
     405
     400
     373
     349
     361
     351
     327
     308
     286
     292
     279
     263
     269
     243
     244
     227
     209
     199
     212
     185
     171
     171
     157
     154
     150
     137
     129
     130
     136
     113
     124
      87
     110
      93
      79
     101
      82
      77
      82
      67
      67
      60
      69
      71
      67
      55
      58
      67
      44
      53
      42
      33
      33
      34
      26
      37
      22
      35
      32
      18
      27
      19
      24
      25
      19
      29
      31
      20
      15
      18
      13
      20
      24
      23
      19
      15
      14
      13
      13
      13
      11
      11
      10
       9
       8
      13
      11
      17
      10
      12
       7
      17
       7
      10
      11
      12
      10
      10
      13
       8
       8
       9
       7
      10
       7
       8
       9
      12
       8
      15
       5
       6
       9
      14
       6
      11
      12
      11
       6
       6
       6
       6
       6
       8
       5
       5
       9
       8
      10
       7
       3
       8
      13
       6
      13
       8
      19
       5
       6
      10
       4
       4
       7
      13
       2
       8
      10
       8
       4
       7
       7
       9
       4
       5
       6
       5
       6
       3
       6
       3
       6
       9
       7
       9
       6
       4
       8
       4
       4
      10
       6
      11
       3
       4
       3
       6
       6
       4
       6
       3
      10
      14
      10
       4
       9
       8
       2
       5
       9
       6
      10
       8
       7
       6
      10
       6
       7
      10
       8
       5
       8
       7
       3
       6
      10
       5
       8
       8
       8
       6
       7
       9
       6
       7
       7
       7
       2
       8
      11
       6
       4
       5
       5
       3
       8
       9
      12
       7
      11
       5
       8
       6
       7
       4
       6
       8
      10
       5
       9
       8
       4
       7
       5
       4
      11
       1
      11
       3
       7
       9
       4
       6
       5
       5
       7
       9
       7
       2
       5
      10
       8
       9
       8
       7
       9
      10
       7
      10
       5
       6
       6
       6
      10
       6
       8
       0
       0
       0
       0
       0
       0
       0
       0
       0
       0
       0
       0
       0
       0
       0
       0
       0
       0
       0
       0
       0
       0
       0
       0
       0
       0
       0
       0
       0
       0
       0
       0
$ROI:
6
67 116
196 256
297 368
871 937
1189 1365
1529 1730
$PRESETS:
None
0
0
$ENER_FIT:
-0.231476 0.346771
$MCA_CAL:
3
-2.314757E-001 3.467707E-001 5.144805E-005 keV
$SHAPE_CAL:
3
1.165611E+001 9.210392E-002 -6.085550E-005
